0 0 0 0 2652 0.013 0.267 0.311
0 0 0 0 2654 0.022 0.250 0.297
0 0 0 1 2429 0.006 0.078 0.195
0 0 0 1 2448 0.006 0.232 2.215
0 0 0 2 1944 0.010 1.957 7.774
0 0 0 0 2665 0.024 0.257 0.303
0 0 0 0 2668 0.011 0.255 0.298
0 0 0 1 2432 0.006 0.065 0.093
0 0 0 1 2426 0.006 0.102 0.587
0 0 0 2 1996 0.012 0.420 0.466
0 0 0 2 1937 0.010 0.421 0.454
0 0 0 3 2679 0.012 0.252 0.270
0 0 0 3 2685 0.015 0.251 0.266
0 0 0 4 2715 0.011 0.218 0.247
0 0 0 4 2674 0.011 0.218 0.238
0 0 1 0 2676 0.024 0.263 0.308
0 0 1 0 2676 0.020 0.256 0.301
0 0 1 1 2453 0.006 0.116 0.765
0 0 1 1 2433 0.006 0.065 0.091
0 0 1 2 2070 0.013 0.414 0.441
0 0 1 2 2110 0.013 0.897 4.301
0 0 1 3 2701 0.019 0.253 0.270
0 0 1 3 2679 0.016 0.256 0.286
0 0 1 4 2767 0.008 0.251 0.561
0 0 1 4 2726 0.013 0.217 0.265
0 1 0 0 3151 0.021 0.225 0.296
0 1 0 0 3221 0.019 0.228 0.297
0 1 0 1 2963 0.007 0.100 0.688
0 1 0 1 2880 0.004 0.228 2.350
0 1 0 2 2307 0.029 0.360 0.613
0 1 0 2 2308 0.018 0.927 4.868
0 1 0 3 3193 0.018 0.234 0.301
0 1 0 3 3221 0.015 0.218 0.246
0 1 0 4 3262 0.011 0.191 0.273
0 1 0 4 3287 0.012 0.189 0.236
0 1 1 0 3208 0.016 0.220 0.232
0 1 1 0 3193 0.015 0.228 0.245
0 1 1 1 2942 0.008 0.052 0.075
0 1 1 1 2925 0.009 0.053 0.074
0 1 1 2 2449 0.009 0.349 0.371
0 1 1 2 2174 0.237 0.342 0.375
0 1 1 3 3205 0.017 0.222 0.236
0 1 1 3 3135 0.016 0.224 0.310
0 1 1 4 3305 0.012 0.181 0.198
0 1 1 4 3283 0.007 0.183 0.208
0 2 0 0 3347 0.025 0.232 0.297
0 2 0 0 3340 0.017 0.226 0.287
0 2 0 1 3076 0.013 0.055 0.076
0 2 0 1 3053 0.005 0.053 0.078
0 2 0 2 2387 0.283 0.349 0.368
0 2 0 2 2322 0.022 0.359 0.428
0 2 0 3 3347 0.017 0.230 0.263
0 2 0 3 3311 0.011 0.226 0.281
0 2 0 4 3236 0.008 0.198 0.240
0 2 0 4 3317 0.010 0.201 0.267
0 2 1 0 3379 0.011 0.229 0.273
0 2 1 0 3367 0.018 0.233 0.280
0 2 1 1 3063 0.005 0.054 0.080
0 2 1 1 3072 0.009 0.053 0.076
0 2 1 2 2503 0.012 0.353 0.436
0 2 1 2 2545 0.017 0.354 0.387
0 2 1 3 3368 0.017 0.228 0.272
0 2 1 3 3423 0.017 0.222 0.263
0 2 1 4 3492 0.016 0.190 0.235
0 2 1 4 3408 0.010 0.185 0.223
1 0 0 0 2382 0.026 0.515 3.601
1 0 0 0 2384 0.019 0.260 0.298
1 0 0 1 2060 0.006 0.240 1.661
1 0 0 1 2060 0.011 0.720 7.841
1 0 0 2 1615 0.013 0.545 1.231
1 0 0 2 1635 0.009 1.091 8.239
1 0 0 3 2393 0.023 0.254 0.276
1 0 0 3 2390 0.026 0.251 0.273
1 0 0 4 2268 0.108 0.274 0.364
1 0 0 4 2293 0.076 0.270 0.640
1 0 1 0 2352 0.026 0.277 0.444
1 0 1 0 2367 0.211 0.260 0.309
1 0 1 1 2098 0.013 0.157 0.253
1 0 1 1 2114 0.007 0.186 0.247
1 0 1 2 1747 0.012 0.379 0.472
1 0 1 2 1708 0.010 1.378 12.310
1 0 1 3 2356 0.094 0.245 0.276
1 0 1 3 2355 0.020 0.247 0.266
1 0 1 4 2238 0.013 0.257 0.328
1 0 1 4 2262 0.010 0.280 0.357
1 1 0 0 2929 0.016 0.225 0.248
1 1 0 0 2985 0.016 0.223 0.244
1 1 0 1 2554 0.011 0.135 0.167
1 1 0 1 2511 0.007 0.293 2.546
1 1 0 2 1901 0.019 0.378 0.407
1 1 0 2 1948 0.009 0.389 0.427
1 1 0 3 2881 0.016 0.227 0.289
1 1 0 3 2947 0.017 0.221 0.267
1 1 0 4 2725 0.007 0.458 2.509
1 1 0 4 2708 0.013 0.248 0.504
1 1 1 0 3074 0.016 0.225 0.262
1 1 1 0 2951 0.016 0.817 7.882
1 1 1 1 2572 0.010 0.135 0.169
1 1 1 1 2603 0.008 0.293 2.299
1 1 1 2 2002 0.011 0.398 0.453
1 1 1 2 2032 0.010 0.389 0.448
1 1 1 3 3068 0.016 0.231 0.297
1 1 1 3 2910 0.144 0.226 0.294
1 1 1 4 2720 0.010 0.797 5.577
1 1 1 4 2778 0.012 0.199 0.262
1 2 0 0 3036 0.024 0.631 5.309
1 2 0 0 3030 0.021 0.230 0.270
1 2 0 1 2579 0.012 0.280 2.337
1 2 0 1 2631 0.006 0.171 0.241
1 2 0 2 1963 0.008 0.619 3.099
1 2 0 2 1767 0.023 0.674 4.041
1 2 0 3 3004 0.021 0.219 0.249
1 2 0 3 3010 0.022 0.229 0.241
1 2 0 4 2865 0.067 0.603 4.517
1 2 0 4 2859 0.011 0.248 0.340
1 2 1 0 2983 0.011 0.227 0.253
1 2 1 0 2972 0.020 0.224 0.252
1 2 1 1 2692 0.012 0.325 2.787
1 2 1 1 2669 0.006 0.466 4.407
1 2 1 2 2044 0.023 0.405 0.443
1 2 1 2 2073 0.006 0.489 1.536
1 2 1 3 2972 0.023 0.785 7.477
1 2 1 3 3008 0.023 0.222 0.244
1 2 1 4 2848 0.010 0.276 0.681
1 2 1 4 2858 0.009 0.196 0.299
2 0 0 0 2624 0.021 0.261 0.285
2 0 0 0 2628 0.021 0.250 0.279
2 0 0 1 2401 0.007 0.064 0.094
2 0 0 1 2396 0.006 0.066 0.094
2 0 0 2 1962 0.010 0.425 0.489
2 0 0 2 2002 0.013 0.418 0.466
2 0 0 3 2585 0.019 0.249 0.280
2 0 0 3 2658 0.013 0.249 0.315
2 0 0 4 2609 0.008 0.222 0.258
2 0 0 4 2722 0.008 0.214 0.247
2 0 1 0 2624 0.015 0.259 0.303
2 0 1 0 2611 0.017 0.260 0.307
2 0 1 1 2385 0.006 0.265 2.684
2 0 1 1 2376 0.007 0.065 0.094
2 0 1 2 2067 0.011 1.204 9.468
2 0 1 2 2029 0.010 0.418 0.453
2 0 1 3 2625 0.021 0.259 0.308
2 0 1 3 2582 0.019 0.245 0.295
2 0 1 4 2690 0.012 0.218 0.232
2 0 1 4 2684 0.011 0.223 0.313
2 1 0 0 3141 0.020 0.227 0.262
2 1 0 0 3179 0.017 0.228 0.257
2 1 0 1 2863 0.006 0.052 0.075
2 1 0 1 2805 0.006 0.063 0.220
2 1 0 2 2236 0.016 0.477 1.934
2 1 0 2 2249 0.012 0.349 0.368
2 1 0 3 3162 0.016 0.226 0.251
2 1 0 3 3112 0.016 0.226 0.247
2 1 0 4 3121 0.009 0.187 0.210
2 1 0 4 3165 0.016 0.184 0.226
2 1 1 0 3182 0.015 0.229 0.304
2 1 1 0 3183 0.017 0.223 0.238
2 1 1 1 2847 0.007 0.053 0.074
2 1 1 1 2892 0.006 0.241 2.532
2 1 1 2 2460 0.012 0.343 0.378
2 1 1 2 2396 0.011 0.364 0.568
2 1 1 3 3190 0.015 0.226 0.237
2 1 1 3 3200 0.011 0.217 0.236
2 1 1 4 3320 0.011 0.179 0.237
2 1 1 4 3282 0.013 0.199 0.249
2 2 0 0 3328 0.018 0.247 0.261
2 2 0 0 3317 0.015 0.226 0.272
2 2 0 1 2987 0.007 0.055 0.079
2 2 0 1 3009 0.005 0.054 0.080
2 2 0 2 2307 0.017 0.698 4.498
2 2 0 2 2286 0.023 0.361 0.406
2 2 0 3 3342 0.013 0.224 0.238
2 2 0 3 3316 0.014 0.234 0.285
2 2 0 4 3167 0.007 0.183 0.215
2 2 0 4 3365 0.009 0.185 0.196
2 2 1 0 3316 0.012 0.222 0.251
2 2 1 0 3367 0.014 0.231 0.283
2 2 1 1 3018 0.006 0.053 0.078
2 2 1 1 3044 0.005 0.054 0.078
2 2 1 2 2527 0.019 0.885 5.137
2 2 1 2 2488 0.022 0.355 0.391
2 2 1 3 3335 0.020 0.223 0.246
2 2 1 3 3331 0.017 0.224 0.273
2 2 1 4 3354 0.009 0.188 0.220
2 2 1 4 3443 0.010 0.184 0.229
