0 0 0 0 2621 0.022 0.266 0.286
0 0 0 0 2601 0.024 0.259 0.297
0 0 0 0 2641 0.019 0.261 0.300
0 0 0 0 2625 0.013 0.254 0.279
0 0 0 0 2656 0.025 0.254 0.288
0 0 0 1 2378 0.006 0.068 0.147
0 0 0 1 2406 0.006 0.515 5.944
0 0 0 1 2341 0.006 0.064 0.092
0 0 0 1 2384 0.006 0.065 0.092
0 0 0 1 2404 0.006 0.065 0.094
0 0 0 2 2021 0.007 0.463 0.823
0 0 0 2 1979 0.009 0.634 2.663
0 0 0 2 2018 0.010 0.373 0.609
0 0 0 2 2007 0.009 0.398 0.505
0 0 0 2 1951 0.016 0.474 0.625
0 0 0 3 2432 0.015 0.249 0.280
0 0 0 3 2421 0.007 0.247 0.279
0 0 0 3 2409 0.013 0.249 0.343
0 0 0 3 2425 0.013 0.243 0.268
0 0 0 3 2427 0.014 0.357 1.589
0 0 0 4 2358 0.007 0.089 0.165
0 0 0 4 2364 0.007 0.242 2.089
0 0 0 4 2389 0.007 0.085 0.173
0 0 0 4 2380 0.007 0.092 0.168
0 0 0 4 2400 0.008 0.099 0.225
0 0 1 0 2613 0.025 0.455 2.822
0 0 1 0 2612 0.012 0.255 0.280
0 0 1 0 2622 0.207 0.259 0.296
0 0 1 0 2617 0.012 0.263 0.302
0 0 1 0 2618 0.021 0.259 0.299
0 0 1 1 2392 0.007 0.205 1.924
0 0 1 1 2383 0.005 0.065 0.096
0 0 1 1 2376 0.006 0.067 0.093
0 0 1 1 2387 0.005 0.064 0.091
0 0 1 1 2393 0.006 0.140 1.073
0 0 1 2 2001 0.008 0.401 0.648
0 0 1 2 1973 0.008 1.797 17.556
0 0 1 2 1982 0.014 0.451 0.819
0 0 1 2 2017 0.009 0.657 2.326
0 0 1 2 1985 0.009 0.464 0.686
0 0 1 3 2420 0.013 0.326 1.494
0 0 1 3 2413 0.149 0.451 2.265
0 0 1 3 2400 0.017 0.238 0.311
0 0 1 3 2413 0.012 0.244 0.284
0 0 1 3 2402 0.017 0.248 0.306
0 0 1 4 2403 0.007 0.091 0.189
0 0 1 4 2390 0.007 0.216 1.779
0 0 1 4 2389 0.008 0.205 1.619
0 0 1 4 2399 0.007 0.095 0.176
0 0 1 4 2392 0.006 0.633 7.186
0 0 2 0 2612 0.015 0.247 0.281
0 0 2 0 2596 0.204 0.639 5.093
0 0 2 0 2604 0.096 0.263 0.301
0 0 2 0 2603 0.019 0.741 6.426
0 0 2 0 2601 0.020 0.299 0.688
0 0 2 1 2380 0.005 0.065 0.096
0 0 2 1 2375 0.005 0.065 0.096
0 0 2 1 2371 0.006 0.068 0.100
0 0 2 1 2385 0.005 0.068 0.102
0 0 2 1 2365 0.006 0.066 0.096
0 0 2 2 1971 0.015 0.436 0.591
0 0 2 2 1983 0.009 0.451 0.664
0 0 2 2 1954 0.013 0.549 1.454
0 0 2 2 1961 0.008 0.509 0.850
0 0 2 2 1967 0.009 0.469 0.621
0 0 2 3 2387 0.012 0.242 0.278
0 0 2 3 2388 0.019 0.279 0.798
0 0 2 3 2363 0.013 0.255 0.295
0 0 2 3 2384 0.013 0.553 4.019
0 0 2 3 2389 0.103 0.352 1.205
0 0 2 4 2376 0.008 0.255 2.259
0 0 2 4 2381 0.007 0.291 2.730
0 0 2 4 2351 0.008 0.346 3.408
0 0 2 4 2366 0.007 0.090 0.132
0 0 2 4 2342 0.007 0.212 1.718
0 1 0 0 3217 0.200 0.227 0.260
0 1 0 0 3206 0.016 0.231 0.248
0 1 0 0 3125 0.084 0.221 0.238
0 1 0 0 3173 0.141 0.222 0.245
0 1 0 0 3184 0.015 0.231 0.260
0 1 0 1 2898 0.006 0.054 0.073
0 1 0 1 2863 0.006 0.054 0.072
0 1 0 1 2860 0.007 0.053 0.074
0 1 0 1 2889 0.006 0.198 1.962
0 1 0 1 2876 0.006 0.054 0.074
0 1 0 2 2617 0.014 0.346 0.726
0 1 0 2 2589 0.008 0.313 0.444
0 1 0 2 2673 0.012 0.398 0.536
0 1 0 2 2664 0.010 0.375 0.642
0 1 0 2 2701 0.008 0.471 1.218
0 1 0 3 2864 0.231 0.213 0.235
0 1 0 3 2886 0.013 0.215 0.240
0 1 0 3 2908 0.156 0.219 0.269
0 1 0 3 2920 0.035 0.217 0.285
0 1 0 3 2914 0.011 0.221 0.256
0 1 0 4 3063 0.008 0.082 0.159
0 1 0 4 3074 0.008 0.074 0.136
0 1 0 4 3116 0.007 0.075 0.143
0 1 0 4 3162 0.006 0.400 4.319
0 1 0 4 3101 0.008 0.070 0.115
0 1 1 0 3254 0.259 0.218 0.241
0 1 1 0 3241 0.016 0.224 0.245
0 1 1 0 3206 0.016 0.223 0.246
0 1 1 0 3175 0.014 0.225 0.246
0 1 1 0 3226 0.012 0.226 0.280
0 1 1 1 2934 0.007 0.053 0.074
0 1 1 1 2939 0.008 0.161 1.481
0 1 1 1 2896 0.007 0.053 0.074
0 1 1 1 2904 0.006 0.225 2.289
0 1 1 1 2905 0.006 0.056 0.084
0 1 1 2 2711 0.008 0.469 2.459
0 1 1 2 2669 0.009 0.820 6.197
0 1 1 2 2736 0.013 0.790 4.437
0 1 1 2 2660 0.008 0.355 0.563
0 1 1 2 2698 0.011 0.440 1.585
0 1 1 3 2927 0.011 0.353 1.931
0 1 1 3 2957 0.013 0.372 2.366
0 1 1 3 2948 0.013 0.270 0.812
0 1 1 3 2964 0.012 0.219 0.252
0 1 1 3 2905 0.008 0.856 6.731
0 1 1 4 3204 0.007 0.079 0.185
0 1 1 4 3175 0.006 0.663 7.661
0 1 1 4 3245 0.007 0.079 0.155
0 1 1 4 3228 0.006 0.075 0.167
0 1 1 4 3196 0.007 0.071 0.126
0 1 2 0 3165 0.017 0.224 0.269
0 1 2 0 3130 0.017 0.226 0.267
0 1 2 0 3170 0.023 0.575 4.725
0 1 2 0 3146 0.017 0.229 0.267
0 1 2 0 3173 0.017 0.224 0.237
0 1 2 1 2853 0.006 0.055 0.079
0 1 2 1 2898 0.005 0.055 0.077
0 1 2 1 2859 0.006 0.055 0.078
0 1 2 1 2886 0.006 0.055 0.078
0 1 2 1 2821 0.006 0.316 3.480
0 1 2 2 2618 0.010 0.363 0.495
0 1 2 2 2630 0.018 0.377 0.478
0 1 2 2 2641 0.014 0.690 4.210
0 1 2 2 2618 0.006 0.395 0.732
0 1 2 2 2648 0.008 0.333 0.409
0 1 2 3 2907 0.010 0.228 0.288
0 1 2 3 2931 0.010 0.219 0.253
0 1 2 3 2895 0.014 0.317 1.500
0 1 2 3 2914 0.011 0.503 2.197
0 1 2 3 2901 0.010 0.214 0.240
0 1 2 4 3153 0.007 0.079 0.104
0 1 2 4 3200 0.010 0.077 0.148
0 1 2 4 3232 0.009 0.076 0.137
0 1 2 4 3165 0.018 0.079 0.141
0 1 2 4 3217 0.007 0.077 0.150
0 2 0 0 3347 0.014 0.228 0.256
0 2 0 0 3327 0.011 0.220 0.261
0 2 0 0 3330 0.010 0.231 0.257
0 2 0 0 3362 0.014 0.234 0.273
0 2 0 0 3328 0.014 0.233 0.272
0 2 0 1 3041 0.006 0.466 5.430
0 2 0 1 3033 0.006 0.057 0.099
0 2 0 1 2996 0.006 0.054 0.075
0 2 0 1 3042 0.006 0.056 0.076
0 2 0 1 3045 0.006 0.171 1.589
0 2 0 2 2710 0.010 0.372 0.667
0 2 0 2 2705 0.009 0.405 0.543
0 2 0 2 2663 0.010 0.467 1.519
0 2 0 2 2690 0.013 0.332 0.419
0 2 0 2 2698 0.005 0.367 0.534
0 2 0 3 3114 0.265 0.373 2.079
0 2 0 3 3125 0.009 0.315 1.079
0 2 0 3 3073 0.015 0.272 0.804
0 2 0 3 3086 0.006 0.221 0.321
0 2 0 3 3105 0.011 0.214 0.243
0 2 0 4 3222 0.010 0.404 4.386
0 2 0 4 3197 0.007 0.108 0.578
0 2 0 4 3219 0.007 0.370 3.840
0 2 0 4 3257 0.006 0.078 0.157
0 2 0 4 3207 0.008 0.083 0.150
0 2 1 0 3364 0.012 0.233 0.272
0 2 1 0 3376 0.010 0.220 0.273
0 2 1 0 3337 0.016 0.581 4.740
0 2 1 0 3394 0.006 0.224 0.239
0 2 1 0 3374 0.011 0.226 0.279
0 2 1 1 3069 0.006 0.198 1.957
0 2 1 1 3068 0.005 0.194 1.887
0 2 1 1 3106 0.005 0.247 2.581
0 2 1 1 3047 0.005 0.054 0.078
0 2 1 1 3059 0.006 0.057 0.077
0 2 1 2 2747 0.010 0.384 0.642
0 2 1 2 2721 0.008 0.760 5.020
0 2 1 2 2756 0.008 0.329 0.484
0 2 1 2 2719 0.008 0.399 0.743
0 2 1 2 2741 0.009 0.355 0.705
0 2 1 3 3190 0.009 0.204 0.257
0 2 1 3 3164 0.008 0.383 2.398
0 2 1 3 3184 0.008 0.215 0.253
0 2 1 3 3188 0.007 0.539 2.004
0 2 1 3 3151 0.009 0.220 0.297
0 2 1 4 3265 0.007 0.664 7.731
0 2 1 4 3293 0.015 0.081 0.135
0 2 1 4 3305 0.007 0.400 4.327
0 2 1 4 3315 0.006 0.311 3.177
0 2 1 4 3267 0.012 0.083 0.141
0 2 2 0 3300 0.022 0.313 1.256
0 2 2 0 3277 0.015 0.235 0.261
0 2 2 0 3296 0.018 0.676 5.879
0 2 2 0 3287 0.013 0.236 0.277
0 2 2 0 3299 0.020 0.241 0.302
0 2 2 1 2956 0.005 0.244 2.535
0 2 2 1 3010 0.005 0.202 1.986
0 2 2 1 3012 0.006 0.073 0.301
0 2 2 1 2984 0.005 0.095 0.575
0 2 2 1 3002 0.005 0.496 5.797
0 2 2 2 2652 0.021 1.530 9.552
0 2 2 2 2675 0.010 0.378 0.615
0 2 2 2 2661 0.010 0.461 1.047
0 2 2 2 2681 0.009 0.739 5.124
0 2 2 2 2689 0.009 0.366 0.532
0 2 2 3 3121 0.009 0.317 1.147
0 2 2 3 3100 0.009 0.217 0.267
0 2 2 3 3118 0.010 0.203 0.246
0 2 2 3 3106 0.013 0.220 0.248
0 2 2 3 3134 0.009 0.352 1.812
0 2 2 4 3271 0.014 0.081 0.169
0 2 2 4 3244 0.013 0.081 0.154
0 2 2 4 3289 0.010 0.082 0.152
0 2 2 4 3244 0.011 0.078 0.141
0 2 2 4 3223 0.007 0.147 0.986
1 0 0 0 2648 0.025 0.273 0.319
1 0 0 0 2639 0.021 0.261 0.311
1 0 0 0 2614 0.026 0.268 0.314
1 0 0 0 2636 0.023 0.275 0.350
1 0 0 0 2627 0.013 0.256 0.293
1 0 0 1 2539 0.014 0.192 0.285
1 0 0 1 2557 0.012 0.198 0.263
1 0 0 1 2563 0.010 0.199 0.260
1 0 0 1 2545 0.010 0.193 0.306
1 0 0 1 2526 0.007 0.209 0.259
1 0 0 2 2594 0.013 0.286 0.355
1 0 0 2 2587 0.006 0.271 0.363
1 0 0 2 2579 0.007 0.250 0.311
1 0 0 2 2583 0.007 0.273 0.385
1 0 0 2 2600 0.007 0.281 0.331
1 0 0 3 2490 0.012 0.237 0.305
1 0 0 3 2479 0.012 0.249 0.332
1 0 0 3 2489 0.013 0.244 0.302
1 0 0 3 2480 0.010 0.248 0.337
1 0 0 3 2494 0.015 0.245 0.314
1 0 0 4 2533 0.010 0.256 0.331
1 0 0 4 2526 0.011 0.263 0.355
1 0 0 4 2531 0.016 0.250 0.291
1 0 0 4 2513 0.112 0.244 0.351
1 0 0 4 2549 0.012 0.237 0.308
1 0 1 0 2648 0.014 0.260 0.298
1 0 1 0 2620 0.020 0.259 0.300
1 0 1 0 2656 0.012 0.250 0.268
1 0 1 0 2625 0.094 0.262 0.334
1 0 1 0 2622 0.013 0.398 2.040
1 0 1 1 2564 0.022 0.774 7.607
1 0 1 1 2564 0.012 0.179 0.302
1 0 1 1 2571 0.013 0.195 0.256
1 0 1 1 2561 0.012 0.764 7.568
1 0 1 1 2559 0.010 0.186 0.247
1 0 1 2 2622 0.008 0.276 0.360
1 0 1 2 2624 0.013 0.279 0.355
1 0 1 2 2612 0.008 0.711 5.802
1 0 1 2 2609 0.008 0.277 0.352
1 0 1 2 2610 0.007 0.281 0.363
1 0 1 3 2507 0.010 0.438 2.376
1 0 1 3 2484 0.014 0.259 0.309
1 0 1 3 2499 0.016 0.250 0.358
1 0 1 3 2491 0.017 0.251 0.363
1 0 1 3 2492 0.016 0.266 0.342
1 0 1 4 2563 0.008 0.248 0.321
1 0 1 4 2570 0.010 0.260 0.336
1 0 1 4 2563 0.015 0.258 0.341
1 0 1 4 2553 0.007 0.245 0.360
1 0 1 4 2557 0.013 0.248 0.289
1 0 2 0 2599 0.020 0.259 0.300
1 0 2 0 2598 0.019 0.260 0.277
1 0 2 0 2594 0.014 0.259 0.303
1 0 2 0 2607 0.017 0.265 0.319
1 0 2 0 2583 0.267 0.328 1.082
1 0 2 1 2509 0.014 0.513 4.635
1 0 2 1 2484 0.010 0.188 0.251
1 0 2 1 2510 0.010 0.200 0.308
1 0 2 1 2511 0.388 0.201 0.269
1 0 2 1 2516 0.008 0.218 0.255
1 0 2 2 2573 0.008 0.289 0.416
1 0 2 2 2560 0.008 0.319 0.459
1 0 2 2 2572 0.010 0.277 0.399
1 0 2 2 2582 0.008 0.286 0.365
1 0 2 2 2574 0.007 0.290 0.379
1 0 2 3 2445 0.008 0.268 0.365
1 0 2 3 2447 0.012 0.251 0.320
1 0 2 3 2444 0.019 0.259 0.346
1 0 2 3 2448 0.013 0.264 0.367
1 0 2 3 2424 0.012 0.262 0.341
1 0 2 4 2502 0.015 0.247 0.319
1 0 2 4 2493 0.259 0.265 0.349
1 0 2 4 2501 0.013 0.261 0.398
1 0 2 4 2509 0.015 0.252 0.327
1 0 2 4 2527 0.018 0.270 0.343
1 1 0 0 3117 0.015 0.218 0.247
1 1 0 0 3155 0.021 0.226 0.269
1 1 0 0 3124 0.019 0.229 0.238
1 1 0 0 3168 0.019 0.226 0.248
1 1 0 0 3142 0.016 0.230 0.295
1 1 0 1 3033 0.009 0.155 0.198
1 1 0 1 3061 0.210 0.162 0.214
1 1 0 1 3050 0.015 0.144 0.166
1 1 0 1 3093 0.209 0.162 0.220
1 1 0 1 3058 0.207 0.162 0.219
1 1 0 2 3184 0.009 0.232 0.340
1 1 0 2 3204 0.009 0.221 0.280
1 1 0 2 3201 0.011 0.236 0.303
1 1 0 2 3176 0.011 0.222 0.267
1 1 0 2 3183 0.009 0.244 0.320
1 1 0 3 2970 0.011 0.223 0.312
1 1 0 3 2928 0.011 0.207 0.265
1 1 0 3 2928 0.010 0.218 0.266
1 1 0 3 2942 0.007 0.215 0.315
1 1 0 3 2941 0.007 0.223 0.280
1 1 0 4 3105 0.013 0.204 0.228
1 1 0 4 3045 0.016 0.220 0.259
1 1 0 4 3048 0.006 0.220 0.288
1 1 0 4 3034 0.009 0.214 0.231
1 1 0 4 3046 0.012 0.218 0.273
1 1 1 0 3200 0.141 0.226 0.259
1 1 1 0 3208 0.018 0.229 0.255
1 1 1 0 3209 0.019 0.231 0.252
1 1 1 0 3162 0.016 0.224 0.252
1 1 1 0 3192 0.016 0.226 0.279
1 1 1 1 3103 0.018 0.158 0.227
1 1 1 1 3104 0.017 0.167 0.216
1 1 1 1 3083 0.010 0.161 0.214
1 1 1 1 3102 0.012 0.146 0.197
1 1 1 1 3080 0.012 0.164 0.234
1 1 1 2 3258 0.011 0.262 0.376
1 1 1 2 3239 0.007 0.245 0.342
1 1 1 2 3256 0.006 0.256 0.338
1 1 1 2 3277 0.007 0.250 0.365
1 1 1 2 3274 0.007 0.646 5.632
1 1 1 3 3033 0.006 0.210 0.257
1 1 1 3 3063 0.008 0.221 0.275
1 1 1 3 3057 0.010 0.217 0.277
1 1 1 3 3046 0.007 0.213 0.262
1 1 1 3 3026 0.009 0.210 0.273
1 1 1 4 3120 0.010 0.230 0.279
1 1 1 4 3107 0.010 0.214 0.260
1 1 1 4 3111 0.009 0.227 0.341
1 1 1 4 3089 0.011 0.224 0.286
1 1 1 4 3133 0.011 0.214 0.286
1 1 2 0 3133 0.016 0.228 0.263
1 1 2 0 3146 0.016 0.213 0.249
1 1 2 0 3136 0.012 0.229 0.236
1 1 2 0 3131 0.011 0.221 0.236
1 1 2 0 3148 0.013 0.231 0.258
1 1 2 1 3044 0.014 0.159 0.246
1 1 2 1 3072 0.011 0.162 0.238
1 1 2 1 3054 0.210 0.163 0.240
1 1 2 1 3056 0.013 0.165 0.227
1 1 2 1 3023 0.011 0.166 0.249
1 1 2 2 3236 0.010 0.222 0.288
1 1 2 2 3204 0.008 0.236 0.298
1 1 2 2 3253 0.006 0.253 0.319
1 1 2 2 3234 0.006 0.263 0.368
1 1 2 2 3195 0.009 0.242 0.314
1 1 2 3 2959 0.009 0.219 0.276
1 1 2 3 2959 0.011 0.232 0.301
1 1 2 3 2931 0.008 0.210 0.330
1 1 2 3 2939 0.009 0.206 0.297
1 1 2 3 2982 0.010 0.221 0.270
1 1 2 4 3042 0.009 0.232 0.285
1 1 2 4 3016 0.011 0.222 0.271
1 1 2 4 3055 0.007 0.218 0.296
1 1 2 4 3049 0.006 0.217 0.308
1 1 2 4 3031 0.011 0.221 0.289
1 2 0 0 3397 0.015 0.235 0.258
1 2 0 0 3385 0.012 0.230 0.309
1 2 0 0 3396 0.014 0.219 0.270
1 2 0 0 3346 0.012 0.227 0.246
1 2 0 0 3368 0.014 0.236 0.284
1 2 0 1 3255 0.012 0.174 0.237
1 2 0 1 3273 0.012 0.156 0.214
1 2 0 1 3254 0.007 0.165 0.241
1 2 0 1 3203 0.013 0.158 0.234
1 2 0 1 3252 0.012 0.177 0.239
1 2 0 2 3271 0.007 0.255 0.331
1 2 0 2 3236 0.014 0.239 0.326
1 2 0 2 3249 0.007 0.249 0.319
1 2 0 2 3307 0.006 0.238 0.323
1 2 0 2 3277 0.009 0.248 0.304
1 2 0 3 3165 0.017 0.224 0.269
1 2 0 3 3175 0.007 0.218 0.296
1 2 0 3 3198 0.009 0.217 0.299
1 2 0 3 3137 0.010 0.223 0.323
1 2 0 3 3188 0.006 0.241 0.326
1 2 0 4 3304 0.011 0.218 0.302
1 2 0 4 3207 0.009 0.235 0.286
1 2 0 4 3244 0.009 0.217 0.271
1 2 0 4 3236 0.017 0.222 0.278
1 2 0 4 3279 0.008 0.228 0.306
1 2 1 0 3355 0.012 0.222 0.265
1 2 1 0 3332 0.013 0.233 0.278
1 2 1 0 3367 0.012 0.224 0.271
1 2 1 0 3369 0.015 0.233 0.274
1 2 1 0 3376 0.008 0.225 0.265
1 2 1 1 3248 0.011 0.166 0.241
1 2 1 1 3257 0.008 0.167 0.273
1 2 1 1 3271 0.010 0.152 0.246
1 2 1 1 3262 0.008 0.186 0.240
1 2 1 1 3246 0.016 0.155 0.284
1 2 1 2 3315 0.006 0.251 0.362
1 2 1 2 3311 0.007 0.228 0.314
1 2 1 2 3389 0.006 0.258 0.344
1 2 1 2 3316 0.008 0.254 0.314
1 2 1 2 3341 0.010 0.258 0.328
1 2 1 3 3210 0.007 0.233 0.324
1 2 1 3 3241 0.007 0.220 0.296
1 2 1 3 3229 0.013 0.225 0.298
1 2 1 3 3242 0.009 0.213 0.262
1 2 1 3 3256 0.010 0.225 0.276
1 2 1 4 3250 0.015 0.233 0.385
1 2 1 4 3255 0.016 0.225 0.325
1 2 1 4 3236 0.011 0.216 0.288
1 2 1 4 3240 0.007 0.228 0.327
1 2 1 4 3299 0.007 0.235 0.292
1 2 2 0 3281 0.025 0.221 0.267
1 2 2 0 3293 0.016 0.233 0.283
1 2 2 0 3303 0.020 0.242 0.276
1 2 2 0 3287 0.024 0.231 0.273
1 2 2 0 3286 0.021 0.231 0.268
1 2 2 1 3188 0.015 0.164 0.237
1 2 2 1 3219 0.015 0.673 6.784
1 2 2 1 3207 0.007 0.177 0.239
1 2 2 1 3203 0.012 0.176 0.239
1 2 2 1 3221 0.005 0.176 0.242
1 2 2 2 3248 0.008 0.264 0.373
1 2 2 2 3243 0.006 0.257 0.354
1 2 2 2 3285 0.008 0.246 0.338
1 2 2 2 3241 0.008 0.253 0.316
1 2 2 2 3291 0.012 0.633 5.089
1 2 2 3 3135 0.013 0.225 0.284
1 2 2 3 3095 0.007 0.216 0.268
1 2 2 3 3143 0.007 0.220 0.283
1 2 2 3 3115 0.011 0.229 0.309
1 2 2 3 3104 0.010 0.238 0.299
1 2 2 4 3193 0.010 0.230 0.319
1 2 2 4 3214 0.006 0.225 0.259
1 2 2 4 3218 0.006 0.774 7.200
1 2 2 4 3181 0.016 0.229 0.290
1 2 2 4 3212 0.006 0.220 0.283
2 0 0 0 2588 0.150 0.261 0.284
2 0 0 0 2566 0.024 0.256 0.295
2 0 0 0 2574 0.020 0.267 0.306
2 0 0 0 2537 0.027 0.263 0.306
2 0 0 0 2593 0.027 0.585 4.380
2 0 0 1 2349 0.005 0.107 0.642
2 0 0 1 2333 0.005 0.066 0.094
2 0 0 1 2334 0.006 0.067 0.096
2 0 0 1 2341 0.006 0.206 1.909
2 0 0 1 2346 0.006 0.497 5.705
2 0 0 2 1906 0.011 0.411 0.550
2 0 0 2 1914 0.340 0.492 0.720
2 0 0 2 1920 0.051 0.488 1.280
2 0 0 2 1896 0.010 0.457 0.616
2 0 0 2 1913 0.009 0.701 4.513
2 0 0 3 2359 0.014 0.302 0.966
2 0 0 3 2348 0.011 0.243 0.286
2 0 0 3 2370 0.036 0.251 0.359
2 0 0 3 2365 0.210 0.330 1.378
2 0 0 3 2371 0.015 0.432 1.405
2 0 0 4 2337 0.007 0.097 0.228
2 0 0 4 2331 0.006 0.093 0.167
2 0 0 4 2307 0.007 0.094 0.175
2 0 0 4 2337 0.007 0.360 3.572
2 0 0 4 2326 0.007 0.087 0.155
2 0 1 0 2609 0.020 0.257 0.352
2 0 1 0 2610 0.027 0.262 0.303
2 0 1 0 2630 0.012 0.407 2.002
2 0 1 0 2600 0.012 0.253 0.310
2 0 1 0 2618 0.012 0.260 0.302
2 0 1 1 2394 0.007 0.066 0.094
2 0 1 1 2388 0.007 0.066 0.092
2 0 1 1 2386 0.006 0.065 0.093
2 0 1 1 2368 0.006 0.478 5.467
2 0 1 1 2390 0.007 0.263 2.674
2 0 1 2 1965 0.009 0.403 0.640
2 0 1 2 1966 0.010 0.446 0.696
2 0 1 2 1964 0.010 0.505 1.364
2 0 1 2 1986 0.012 0.511 0.724
2 0 1 2 1945 0.014 0.411 0.539
2 0 1 3 2389 0.013 0.475 1.983
2 0 1 3 2381 0.011 0.255 0.286
2 0 1 3 2389 0.031 0.250 0.328
2 0 1 3 2368 0.278 0.253 0.283
2 0 1 3 2380 0.055 0.250 0.279
2 0 1 4 2366 0.007 0.163 1.100
2 0 1 4 2370 0.007 0.098 0.220
2 0 1 4 2380 0.007 0.092 0.160
2 0 1 4 2368 0.008 0.093 0.168
2 0 1 4 2365 0.007 0.444 4.729
2 0 2 0 2572 0.021 0.262 0.285
2 0 2 0 2582 0.023 0.271 0.309
2 0 2 0 2581 0.027 0.263 0.306
2 0 2 0 2591 0.205 0.273 0.304
2 0 2 0 2586 0.017 0.266 0.303
2 0 2 1 2341 0.006 0.066 0.099
2 0 2 1 2356 0.008 0.068 0.098
2 0 2 1 2341 0.008 0.281 2.889
2 0 2 1 2360 0.006 0.355 3.848
2 0 2 1 2334 0.006 0.202 1.830
2 0 2 2 1938 0.027 0.731 4.645
2 0 2 2 1954 0.011 0.391 0.497
2 0 2 2 1949 0.009 1.148 9.486
2 0 2 2 1947 0.010 0.431 0.867
2 0 2 2 1945 0.012 0.365 0.493
2 0 2 3 2345 0.013 0.249 0.291
2 0 2 3 2365 0.015 0.278 0.630
2 0 2 3 2348 0.014 0.386 1.957
2 0 2 3 2360 0.037 0.256 0.282
2 0 2 3 2361 0.013 0.269 0.520
2 0 2 4 2333 0.007 0.228 1.851
2 0 2 4 2344 0.007 0.442 4.559
2 0 2 4 2391 0.007 0.095 0.172
2 0 2 4 2332 0.007 0.099 0.177
2 0 2 4 2357 0.007 0.105 0.206
2 1 0 0 3109 0.022 0.226 0.253
2 1 0 0 3157 0.017 0.226 0.315
2 1 0 0 3159 0.020 0.228 0.296
2 1 0 0 3092 0.017 0.226 0.275
2 1 0 0 3101 0.012 0.226 0.251
2 1 0 1 2851 0.006 0.053 0.075
2 1 0 1 2832 0.006 0.055 0.075
2 1 0 1 2834 0.006 0.054 0.074
2 1 0 1 2829 0.008 0.054 0.074
2 1 0 1 2852 0.006 0.198 1.958
2 1 0 2 2583 0.013 0.356 0.646
2 1 0 2 2602 0.012 0.382 0.613
2 1 0 2 2614 0.012 0.552 3.337
2 1 0 2 2637 0.013 0.374 0.486
2 1 0 2 2620 0.018 0.398 0.677
2 1 0 3 2810 0.012 0.216 0.331
2 1 0 3 2817 0.014 0.310 0.759
2 1 0 3 2855 0.008 0.225 0.276
2 1 0 3 2885 0.014 0.229 0.334
2 1 0 3 2900 0.013 0.226 0.327
2 1 0 4 3132 0.006 0.224 2.025
2 1 0 4 3094 0.007 0.073 0.133
2 1 0 4 3170 0.011 0.244 2.285
2 1 0 4 2802 0.007 0.272 2.685
2 1 0 4 3047 0.007 0.084 0.147
2 1 1 0 3152 0.014 0.225 0.247
2 1 1 0 3173 0.011 0.225 0.239
2 1 1 0 3142 0.017 0.230 0.260
2 1 1 0 3084 0.018 0.232 0.250
2 1 1 0 3136 0.021 0.224 0.244
2 1 1 1 2859 0.006 0.054 0.075
2 1 1 1 2833 0.006 0.056 0.076
2 1 1 1 2815 0.006 0.053 0.075
2 1 1 1 2878 0.006 0.352 3.959
2 1 1 1 2834 0.006 0.212 2.144
2 1 1 2 2602 0.007 0.754 5.748
2 1 1 2 2675 0.009 0.365 0.485
2 1 1 2 2606 0.008 0.427 0.668
2 1 1 2 2654 0.008 0.354 0.519
2 1 1 2 2653 0.009 0.303 0.434
2 1 1 3 2905 0.010 0.392 2.309
2 1 1 3 2890 0.014 0.280 1.247
2 1 1 3 2880 0.015 0.199 0.247
2 1 1 3 2906 0.010 0.232 0.529
2 1 1 3 2888 0.267 0.220 0.303
2 1 1 4 3132 0.006 0.398 4.305
2 1 1 4 3162 0.007 0.279 2.828
2 1 1 4 3188 0.010 0.335 3.579
2 1 1 4 3185 0.006 0.077 0.146
2 1 1 4 3131 0.006 0.082 0.149
2 1 2 0 3072 0.141 0.230 0.287
2 1 2 0 3081 0.260 0.233 0.265
2 1 2 0 3109 0.016 0.230 0.257
2 1 2 0 3098 0.025 0.230 0.274
2 1 2 0 3075 0.016 0.234 0.260
2 1 2 1 2829 0.006 0.056 0.077
2 1 2 1 2813 0.009 0.055 0.078
2 1 2 1 2900 0.005 0.057 0.079
2 1 2 1 2828 0.005 0.131 1.065
2 1 2 1 2846 0.005 0.055 0.077
2 1 2 2 2601 0.009 0.746 4.536
2 1 2 2 2666 0.012 2.135 23.223
2 1 2 2 2620 0.012 0.362 0.491
2 1 2 2 2629 0.009 0.627 3.620
2 1 2 2 2616 0.009 0.345 0.475
2 1 2 3 2873 0.012 0.257 0.785
2 1 2 3 2845 0.011 0.228 0.261
2 1 2 3 2865 0.011 0.341 1.807
2 1 2 3 2883 0.009 0.233 0.270
2 1 2 3 2895 0.014 0.233 0.311
2 1 2 4 3129 0.006 0.079 0.152
2 1 2 4 3138 0.007 0.328 3.324
2 1 2 4 3128 0.008 0.438 4.881
2 1 2 4 3146 0.010 0.260 2.581
2 1 2 4 3095 0.007 0.078 0.154
2 2 0 0 3260 0.015 0.237 0.263
2 2 0 0 3279 0.012 0.223 0.276
2 2 0 0 3286 0.016 0.235 0.285
2 2 0 0 3255 0.015 0.235 0.278
2 2 0 0 3307 0.017 0.228 0.281
2 2 0 1 3000 0.006 0.523 6.150
2 2 0 1 2915 0.006 0.261 2.765
2 2 0 1 2983 0.006 0.056 0.078
2 2 0 1 2983 0.006 0.055 0.079
2 2 0 1 2984 0.005 0.318 3.505
2 2 0 2 2598 0.011 0.673 3.046
2 2 0 2 2607 0.008 0.514 2.910
2 2 0 2 2608 0.009 0.406 0.744
2 2 0 2 2601 0.008 0.356 0.554
2 2 0 2 2623 0.008 1.371 7.089
2 2 0 3 3008 0.008 0.210 0.250
2 2 0 3 3033 0.126 0.416 2.031
2 2 0 3 2975 0.008 0.388 2.146
2 2 0 3 3046 0.008 0.220 0.252
2 2 0 3 3013 0.091 0.217 0.257
2 2 0 4 3168 0.007 0.079 0.135
2 2 0 4 3219 0.007 0.089 0.146
2 2 0 4 3181 0.007 0.187 1.635
2 2 0 4 3187 0.007 0.072 0.106
2 2 0 4 3246 0.007 0.228 2.064
2 2 1 0 3278 0.008 0.232 0.272
2 2 1 0 3294 0.016 0.230 0.273
2 2 1 0 3307 0.211 0.649 5.555
2 2 1 0 3299 0.014 0.231 0.282
2 2 1 0 3262 0.008 0.229 0.252
2 2 1 1 2950 0.005 0.055 0.077
2 2 1 1 2989 0.006 0.056 0.078
2 2 1 1 2988 0.006 0.055 0.076
2 2 1 1 2993 0.006 0.055 0.078
2 2 1 1 2981 0.005 0.333 3.679
2 2 1 2 2642 0.010 0.475 1.486
2 2 1 2 2647 0.011 0.473 1.860
2 2 1 2 2634 0.010 0.426 0.570
2 2 1 2 2628 0.009 0.891 7.533
2 2 1 2 2600 0.008 0.474 1.696
2 2 1 3 3078 0.009 0.226 0.292
2 2 1 3 3095 0.014 0.292 1.336
2 2 1 3 3083 0.011 0.231 0.263
2 2 1 3 3121 0.008 0.270 0.930
2 2 1 3 3106 0.009 0.398 2.156
2 2 1 4
2 2 1 4 3218 0.007 0.067 0.123
2 2 1 4 3210 0.007 0.156 1.151
2 2 1 4 3216 0.007 0.079 0.150
2 2 1 4 3220 0.008 0.237 2.189
2 2 2 0 3254 0.014 0.236 0.255
2 2 2 0 3259 0.017 0.230 0.276
2 2 2 0 3238 0.016 0.467 3.132
2 2 2 0 3238 0.013 0.239 0.279
2 2 2 0 3266 0.015 0.243 0.297
2 2 2 1 2935 0.012 0.257 2.676
2 2 2 1 2926 0.009 0.056 0.081
2 2 2 1 2942 0.007 0.058 0.081
2 2 2 1 2937 0.009 0.057 0.083
2 2 2 1 2938 0.006 0.450 5.187
2 2 2 2 2628 0.008 0.377 0.677
2 2 2 2 2593 0.010 0.915 6.902
2 2 2 2 2597 0.016 0.735 4.890
2 2 2 2 2611 0.008 0.350 0.563
2 2 2 2 2648 0.007 2.159 21.993
2 2 2 3 3067 0.093 0.276 0.919
2 2 2 3 3050 0.008 0.282 1.100
2 2 2 3 3064 0.009 0.309 0.807
2 2 2 3 3036 0.009 0.220 0.244
2 2 2 3 3059 0.009 0.222 0.284
2 2 2 4 3188 0.008 0.266 2.545
2 2 2 4 3200 0.012 0.427 4.646
2 2 2 4 3080 0.006 0.083 0.146
2 2 2 4 3196 0.012 0.084 0.160
2 2 2 4 3173 0.007 0.083 0.125
3 0 0 0 2611 0.023 0.270 0.297
3 0 0 0 2591 0.160 0.367 1.541
3 0 0 0 2598 0.025 0.256 0.298
3 0 0 0 2572 0.020 0.268 0.304
3 0 0 0 2597 0.023 0.259 0.308
3 0 0 1 2517 0.008 0.184 0.255
3 0 0 1 2505 0.008 0.223 0.267
3 0 0 1 2518 0.014 0.175 0.265
3 0 0 1 2521 0.014 0.344 2.250
3 0 0 1 2526 0.008 0.191 0.249
3 0 0 2 2580 0.016 0.276 0.366
3 0 0 2 2595 0.013 0.296 0.364
3 0 0 2 2600 0.017 0.294 0.377
3 0 0 2 2586 0.148 0.277 0.338
3 0 0 2 2596 0.018 0.299 0.366
3 0 0 3 2460 0.013 0.263 0.312
3 0 0 3 2453 0.010 0.273 0.354
3 0 0 3 2449 0.013 0.260 0.362
3 0 0 3 2452 0.016 0.249 0.309
3 0 0 3 2461 0.205 0.267 0.422
3 0 0 4 2506 0.016 0.258 0.355
3 0 0 4 2504 0.014 0.262 0.355
3 0 0 4 2480 0.009 0.258 0.388
3 0 0 4 2519 0.013 0.240 0.320
3 0 0 4 2508 0.010 0.253 0.401
3 0 1 0 2569 0.011 0.255 0.302
3 0 1 0 2595 0.012 0.269 0.308
3 0 1 0 2598 0.013 0.262 0.311
3 0 1 0 2588 0.013 0.731 6.281
3 0 1 0 2606 0.012 0.256 0.274
3 0 1 1 2513 0.010 0.187 0.249
3 0 1 1 2509 0.013 0.192 0.248
3 0 1 1 2508 0.010 0.213 0.307
3 0 1 1 2514 0.013 0.201 0.252
3 0 1 1 2501 0.012 0.215 0.249
3 0 1 2 2593 0.018 0.291 0.389
3 0 1 2 2583 0.020 0.292 0.382
3 0 1 2 2596 0.012 0.299 0.380
3 0 1 2 2599 0.020 0.278 0.407
3 0 1 2 2610 0.008 0.307 0.372
3 0 1 3 2435 0.011 0.260 0.337
3 0 1 3 2439 0.013 0.256 0.340
3 0 1 3 2439 0.012 0.259 0.344
3 0 1 3 2439 0.012 0.760 6.620
3 0 1 3 2428 0.092 0.259 0.344
3 0 1 4 2506 0.011 0.253 0.325
3 0 1 4 2516 0.013 0.258 0.298
3 0 1 4 2501 0.013 0.256 0.357
3 0 1 4 2508 0.008 0.291 0.368
3 0 1 4 2491 0.016 0.266 0.320
3 0 2 0 2545 0.016 0.259 0.311
3 0 2 0 2580 0.020 0.349 1.229
3 0 2 0 2559 0.018 0.260 0.307
3 0 2 0 2553 0.027 0.691 5.762
3 0 2 0 2578 0.020 0.264 0.292
3 0 2 1 2477 0.012 0.209 0.271
3 0 2 1 2484 0.102 0.221 0.272
3 0 2 1 2480 0.160 0.221 0.309
3 0 2 1 2480 0.013 0.190 0.252
3 0 2 1 2488 0.014 0.215 0.274
3 0 2 2 2539 0.025 0.287 0.415
3 0 2 2 2574 0.143 0.425 2.096
3 0 2 2 2555 0.247 0.295 0.381
3 0 2 2 2542 0.143 0.285 0.416
3 0 2 2 2551 0.023 0.280 0.363
3 0 2 3 2418 0.011 0.248 0.318
3 0 2 3 2409 0.008 0.276 0.322
3 0 2 3 2405 0.008 0.253 0.348
3 0 2 3 2421 0.014 0.257 0.314
3 0 2 3 2405 0.012 0.255 0.302
3 0 2 4 2484 0.008 0.251 0.347
3 0 2 4 2504 0.014 0.268 0.381
3 0 2 4 2508 0.020 0.509 3.407
3 0 2 4 2479 0.012 0.271 0.367
3 0 2 4 2482 0.011 0.263 0.357
3 1 0 0 3133 0.260 0.231 0.253
3 1 0 0 3131 0.019 0.235 0.284
3 1 0 0 3075 0.018 0.227 0.242
3 1 0 0 3105 0.026 0.224 0.240
3 1 0 0 3126 0.210 0.226 0.251
3 1 0 1 3025 0.011 0.147 0.170
3 1 0 1 2996 0.012 0.169 0.237
3 1 0 1 2962 0.011 0.164 0.219
3 1 0 1 2995 0.010 0.159 0.199
3 1 0 1 3013 0.018 0.167 0.248
3 1 0 2 3070 0.022 0.250 0.365
3 1 0 2 3109 0.011 0.231 0.306
3 1 0 2 3087 0.258 0.244 0.316
3 1 0 2 3089 0.019 0.248 0.357
3 1 0 2 3148 0.087 0.264 0.318
3 1 0 3 2947 0.011 0.209 0.236
3 1 0 3 2946 0.011 0.212 0.264
3 1 0 3 2913 0.013 0.210 0.276
3 1 0 3 2928 0.009 0.224 0.268
3 1 0 3 2890 0.013 0.210 0.239
3 1 0 4 3018 0.010 0.226 0.286
3 1 0 4 3070 0.008 0.235 0.346
3 1 0 4 3057 0.009 0.221 0.276
3 1 0 4 2965 0.015 0.238 0.333
3 1 0 4 3032 0.012 0.207 0.234
3 1 1 0 3125 0.016 0.221 0.238
3 1 1 0 3119 0.010 0.220 0.238
3 1 1 0 3102 0.017 0.227 0.239
3 1 1 0 3110 0.014 0.221 0.250
3 1 1 0 3066 0.013 0.232 0.261
3 1 1 1 3018 0.097 0.158 0.206
3 1 1 1 3043 0.262 0.163 0.216
3 1 1 1 3047 0.008 0.164 0.216
3 1 1 1 3011 0.008 0.168 0.242
3 1 1 1 3009 0.013 0.174 0.310
3 1 1 2 3085 0.139 0.257 0.328
3 1 1 2 3127 0.081 0.243 0.309
3 1 1 2 3121 0.261 0.246 0.302
3 1 1 2 3098 0.018 0.248 0.391
3 1 1 2 3144 0.018 0.248 0.336
3 1 1 3 2978 0.015 0.213 0.273
3 1 1 3 2955 0.007 0.210 0.267
3 1 1 3 2992 0.011 0.215 0.235
3 1 1 3 2950 0.012 0.213 0.287
3 1 1 3 2924 0.008 0.774 7.437
3 1 1 4 3044 0.205 0.223 0.287
3 1 1 4 3049 0.012 0.210 0.248
3 1 1 4 3023 0.008 0.226 0.320
3 1 1 4 3041 0.008 0.222 0.284
3 1 1 4 3048 0.009 0.215 0.260
3 1 2 0 3077 0.257 0.230 0.243
3 1 2 0 3075 0.020 0.235 0.285
3 1 2 0 3067 0.016 0.229 0.256
3 1 2 0 3055 0.021 0.232 0.255
3 1 2 0 3090 0.016 0.694 6.219
3 1 2 1 3009 0.013 0.186 0.252
3 1 2 1 2999 0.010 0.172 0.237
3 1 2 1 2981 0.010 0.189 0.240
3 1 2 1 2989 0.018 0.187 0.243
3 1 2 1 3003 0.011 0.179 0.239
3 1 2 2 3086 0.011 0.251 0.327
3 1 2 2 3086 0.018 0.658 5.471
3 1 2 2 3126 0.006 0.238 0.318
3 1 2 2 3101 0.017 0.251 0.388
3 1 2 2 3069 0.017 0.257 0.346
3 1 2 3 2883 0.011 0.218 0.268
3 1 2 3 2928 0.011 0.226 0.289
3 1 2 3 2884 0.011 0.220 0.279
3 1 2 3 2923 0.014 0.224 0.320
3 1 2 3 2890 0.007 0.220 0.351
3 1 2 4 2874 0.012 0.226 0.369
3 1 2 4 3007 0.022 0.229 0.313
3 1 2 4 2942 0.012 0.218 0.292
3 1 2 4 2997 0.006 0.228 0.273
3 1 2 4 2988 0.010 0.227 0.318
3 2 0 0 3260 0.013 0.234 0.261
3 2 0 0 3244 0.016 0.233 0.278
3 2 0 0 3251 0.015 0.703 6.314
3 2 0 0 3229 0.015 0.234 0.286
3 2 0 0 3242 0.012 0.237 0.285
3 2 0 1 3126 0.011 0.191 0.247
3 2 0 1 3159 0.010 0.155 0.239
3 2 0 1 3173 0.014 0.186 0.288
3 2 0 1 3178 0.009 0.164 0.241
3 2 0 1 3167 0.013 0.206 0.298
3 2 0 2 3253 0.013 0.237 0.308
3 2 0 2 3208 0.014 0.253 0.317
3 2 0 2 3286 0.017 0.253 0.317
3 2 0 2 3261 0.015 0.257 0.320
3 2 0 2 3287 0.016 0.253 0.332
3 2 0 3 3084 0.015 0.230 0.299
3 2 0 3 3078 0.009 0.222 0.280
3 2 0 3 3066 0.009 0.224 0.302
3 2 0 3 3103 0.009 0.226 0.315
3 2 0 3 3096 0.008 0.235 0.322
3 2 0 4 3164 0.011 0.242 0.336
3 2 0 4 3172 0.015 0.223 0.286
3 2 0 4 3162 0.014 0.245 0.289
3 2 0 4 3163 0.012 0.242 0.293
3 2 0 4 3166 0.006 0.226 0.315
3 2 1 0 3289 0.007 0.230 0.274
3 2 1 0 3302 0.015 0.233 0.276
3 2 1 0 3313 0.010 0.230 0.274
3 2 1 0 3298 0.011 0.236 0.277
3 2 1 0 3310 0.008 0.235 0.278
3 2 1 1 3208 0.007 0.649 6.403
3 2 1 1 3195 0.041 0.167 0.236
3 2 1 1 3208 0.014 0.161 0.246
3 2 1 1 3165 0.219 0.170 0.237
3 2 1 1 3214 0.012 0.157 0.246
3 2 1 2 3314 0.008 0.233 0.279
3 2 1 2 3306 0.015 0.246 0.324
3 2 1 2 3315 0.012 0.249 0.342
3 2 1 2 3322 0.015 0.373 1.529
3 2 1 2 3334 0.007 0.619 4.822
3 2 1 3 3239 0.021 0.220 0.268
3 2 1 3 3187 0.007 0.215 0.272
3 2 1 3 3179 0.009 0.226 0.302
3 2 1 3 3222 0.009 0.229 0.305
3 2 1 3 3192 0.010 0.216 0.286
3 2 1 4 3237 0.015 0.231 0.278
3 2 1 4 3207 0.015 0.218 0.283
3 2 1 4 3227 0.008 0.234 0.314
3 2 1 4 3220 0.009 0.239 0.317
3 2 1 4 3231 0.008 0.239 0.314
3 2 2 0 3255 0.014 0.240 0.284
3 2 2 0 3254 0.016 0.234 0.274
3 2 2 0 3236 0.016 0.230 0.280
3 2 2 0 3243 0.013 0.237 0.278
3 2 2 0 3247 0.015 0.234 0.248
3 2 2 1 3167 0.017 0.193 0.247
3 2 2 1 3170 0.011 0.183 0.240
3 2 2 1 3150 0.011 0.177 0.242
3 2 2 1 3162 0.012 0.170 0.260
3 2 2 1 3144 0.012 0.159 0.237
3 2 2 2 3256 0.013 0.252 0.317
3 2 2 2 3246 0.013 0.254 0.337
3 2 2 2 3240 0.014 0.502 3.518
3 2 2 2 3229 0.016 0.234 0.292
3 2 2 2 3230 0.013 0.244 0.272
3 2 2 3 3126 0.006 0.231 0.323
3 2 2 3 3078 0.015 0.225 0.296
3 2 2 3 3045 0.009 0.229 0.306
3 2 2 3 3070 0.017 0.221 0.323
3 2 2 3 3106 0.005 0.244 0.309
3 2 2 4 3157 0.011 0.225 0.325
3 2 2 4 3137 0.009 0.229 0.318
3 2 2 4 3182 0.007 0.220 0.262
3 2 2 4 3120 0.011 0.229 0.294
3 2 2 4 3149 0.005 0.227 0.314
