0 0 0 0 2391 0.018 0.263 0.287
0 0 0 0 2402 0.154 0.259 0.326
0 0 0 0 2403 0.021 0.248 0.291
0 0 0 0 2412 0.021 0.560 4.145
0 0 0 0 2401 0.028 0.253 0.300
0 0 0 1 2049 0.006 0.301 3.176
0 0 0 1 2016 0.006 0.064 0.094
0 0 0 1 2134 0.006 0.065 0.092
0 0 0 1 2027 0.006 0.259 2.626
0 0 0 1 2020 0.006 0.064 0.093
0 0 0 1 2093 0.006 0.066 0.094
0 0 0 2 1710 0.011 0.548 2.573
0 0 0 2 1767 0.008 0.415 0.883
0 0 0 2 1739 0.006 0.737 4.831
0 0 0 2 1708 0.007 0.398 0.587
0 0 0 2 1761 0.012 0.468 0.663
0 0 0 2 1784 0.033 0.458 1.586
0 0 0 3 2232 0.013 0.214 0.266
0 0 0 3 2228 0.020 0.198 0.257
0 0 0 3 2224 0.442 0.199 0.259
0 0 0 3 2228 0.017 0.192 0.234
0 0 0 3 2229 0.015 0.201 0.270
0 0 0 3 2232 0.018 0.206 0.297
0 0 0 4 1980 0.008 0.087 0.149
0 0 0 4 2139 0.007 0.454 4.836
0 0 0 4 2141 0.007 0.396 4.104
0 0 0 4 2100 0.007 0.394 4.079
0 0 0 4 2034 0.006 0.285 2.685
0 0 0 4 2097 0.012 0.313 3.042
0 0 1 0 2380 0.021 0.254 0.280
0 0 1 0 2380 0.007 0.258 0.299
0 0 1 0 2381 0.013 0.263 0.296
0 0 1 0 2381 0.013 0.263 0.302
0 0 1 0 2377 0.012 0.584 4.493
0 0 1 0 2378 0.010 0.538 3.797
0 0 1 1 2134 0.008 0.066 0.092
0 0 1 1 2097 0.006 0.064 0.091
0 0 1 1 2081 0.006 0.261 2.638
0 0 1 1 2112 0.113 0.326 3.483
0 0 1 1 2119 0.006 0.064 0.094
0 0 1 1 2137 0.009 0.063 0.093
0 0 1 2 1799 0.007 0.425 0.693
0 0 1 2 1782 0.008 0.439 0.700
0 0 1 2 1751 0.010 1.228 10.570
0 0 1 2 1783 0.009 0.688 4.547
0 0 1 2 1744 0.016 0.800 4.761
0 0 1 2 1744 0.029 0.662 3.189
0 0 1 3 2205 0.016 0.200 0.282
0 0 1 3 2214 0.015 0.209 0.267
0 0 1 3 2205 0.009 0.203 0.282
0 0 1 3 2220 0.022 0.209 0.336
0 0 1 3 2220 0.011 0.195 0.246
0 0 1 3 2219 0.014 0.802 8.043
0 0 1 4 2150 0.007 0.090 0.174
0 0 1 4 2152 0.007 0.083 0.119
0 0 1 4 2146 0.007 0.286 2.802
0 0 1 4 2101 0.007 0.361 3.623
0 0 1 4 2107 0.008 0.096 0.184
0 0 1 4 2115 0.007 0.100 0.208
0 0 2 0 2333 0.021 0.260 0.310
0 0 2 0 2340 0.019 0.508 3.459
0 0 2 0 2336 0.270 0.258 0.271
0 0 2 0 2336 0.023 0.268 0.304
0 0 2 0 2342 0.021 0.264 0.298
0 0 2 0 2334 0.273 0.309 0.911
0 0 2 1 2048 0.007 0.064 0.092
0 0 2 1 2036 0.007 0.275 2.841
0 0 2 1 2062 0.006 0.065 0.092
0 0 2 1 2071 0.005 0.064 0.093
0 0 2 1 2030 0.005 0.115 0.730
0 0 2 1 2031 0.005 0.177 1.565
0 0 2 2 1755 0.008 0.694 3.085
0 0 2 2 1723 0.009 0.434 0.541
0 0 2 2 1716 0.009 0.415 0.760
0 0 2 2 1729 0.009 0.413 0.597
0 0 2 2 1673 0.013 0.657 3.328
0 0 2 2 1718 0.011 0.392 0.583
0 0 2 3 2164 0.273 0.183 0.261
0 0 2 3 2182 0.302 0.209 0.280
0 0 2 3 2170 0.024 0.183 0.221
0 0 2 3 2165 0.007 0.190 0.236
0 0 2 3 2168 0.429 0.195 0.265
0 0 2 3 2171 0.007 0.200 0.273
0 0 2 4 2043 0.007 0.241 2.083
0 0 2 4 2071 0.007 0.092 0.184
0 0 2 4 2102 0.008 0.412 4.288
0 0 2 4 2060 0.007 0.106 0.176
0 0 2 4 2106 0.011 0.174 1.252
0 0 2 4 2101 0.007 0.094 0.201
0 1 0 0 2819 0.017 0.218 0.243
0 1 0 0 2844 0.262 0.226 0.236
0 1 0 0 2839 0.017 0.224 0.247
0 1 0 0 2863 0.018 0.219 0.244
0 1 0 0 2838 0.016 0.225 0.249
0 1 0 0 2841 0.019 0.539 4.195
0 1 0 1 2426 0.004 0.210 2.117
0 1 0 1 2401 0.007 0.089 0.535
0 1 0 1 2547 0.004 0.053 0.073
0 1 0 1 2461 0.007 0.054 0.075
0 1 0 1 2481 0.004 0.099 0.668
0 1 0 1 2399 0.005 0.334 3.730
0 1 0 2 2302 0.013 0.881 6.913
0 1 0 2 2250 0.009 0.391 0.584
0 1 0 2 2286 0.008 0.393 1.163
0 1 0 2 2249 0.008 0.468 2.290
0 1 0 2 2210 0.011 0.388 0.476
0 1 0 2 2253 0.010 0.393 0.678
0 1 0 3 2696 0.016 0.182 0.236
0 1 0 3 2669 0.011 0.174 0.189
0 1 0 3 2677 0.017 0.182 0.260
0 1 0 3 2653 0.021 0.181 0.234
0 1 0 3 2666 0.267 0.178 0.247
0 1 0 3 2667 0.008 0.169 0.201
0 1 0 4 2711 0.010 0.200 1.760
0 1 0 4 2594 0.007 0.074 0.131
0 1 0 4 2657 0.009 0.073 0.189
0 1 0 4 2508 0.006 0.074 0.136
0 1 0 4 2537 0.006 0.073 0.129
0 1 0 4 2617 0.006 0.074 0.138
0 1 1 0 2875 0.014 0.223 0.268
0 1 1 0 2867 0.089 0.221 0.244
0 1 1 0 2829 0.019 0.231 0.244
0 1 1 0 2890 0.018 0.648 5.723
0 1 1 0 2864 0.016 0.238 0.309
0 1 1 0 2883 0.017 0.219 0.235
0 1 1 1 2505 0.010 0.053 0.073
0 1 1 1 2567 0.005 0.512 6.035
0 1 1 1 2554 0.005 0.336 3.716
0 1 1 1 2447 0.006 0.054 0.073
0 1 1 1 2387 0.006 0.052 0.074
0 1 1 1 2458 0.004 0.053 0.076
0 1 1 2 2318 0.009 0.721 5.387
0 1 1 2 2342 0.007 0.395 0.479
0 1 1 2 2351 0.009 0.372 0.503
0 1 1 2 2352 0.009 0.615 4.418
0 1 1 2 2304 0.007 1.252 8.904
0 1 1 2 2357 0.014 0.398 0.525
0 1 1 3 2652 0.009 0.173 0.255
0 1 1 3 2678 0.012 0.162 0.256
0 1 1 3 2661 0.006 0.171 0.251
0 1 1 3 2693 0.013 0.175 0.279
0 1 1 3 2690 0.099 0.160 0.210
0 1 1 3 2654 0.011 0.188 0.285
0 1 1 4 2704 0.006 0.081 0.185
0 1 1 4 2750 0.006 0.075 0.135
0 1 1 4 2692 0.006 0.073 0.135
0 1 1 4 2649 0.006 0.075 0.121
0 1 1 4 2679 0.006 0.140 1.045
0 1 1 4 2749 0.006 0.305 3.125
0 1 2 0 2809 0.016 0.227 0.257
0 1 2 0 2814 0.015 0.433 2.924
0 1 2 0 2803 0.017 0.227 0.256
0 1 2 0 2801 0.018 0.227 0.260
0 1 2 0 2812 0.018 0.655 5.651
0 1 2 0 2834 0.019 0.226 0.242
0 1 2 1 2464 0.006 0.054 0.074
0 1 2 1 2422 0.009 0.054 0.075
0 1 2 1 2488 0.007 0.316 3.486
0 1 2 1 2516 0.010 0.165 1.485
0 1 2 1 2410 0.004 0.054 0.074
0 1 2 1 2486 0.004 0.054 0.077
0 1 2 2 2314 0.303 0.541 2.354
0 1 2 2 2219 0.010 0.314 0.409
0 1 2 2 2225 0.011 0.559 3.277
0 1 2 2 2270 0.010 0.344 0.601
0 1 2 2 2266 0.007 0.310 0.446
0 1 2 2 2262 0.009 0.653 4.766
0 1 2 3 2628 0.009 0.165 0.195
0 1 2 3 2648 0.009 0.174 0.249
0 1 2 3 2619 0.012 0.183 0.259
0 1 2 3 2662 0.011 0.201 0.537
0 1 2 3 2659 0.010 0.191 0.267
0 1 2 3 2631 0.010 0.179 0.273
0 1 2 4 2730 0.007 0.076 0.148
0 1 2 4 2660 0.006 0.078 0.173
0 1 2 4 2653 0.082 0.080 0.152
0 1 2 4 2695 0.007 0.402 4.401
0 1 2 4 2715 0.009 0.072 0.110
0 1 2 4 2705 0.007 0.077 0.145
0 2 0 0 3015 0.017 0.231 0.257
0 2 0 0 3020 0.015 0.215 0.268
0 2 0 0 3005 0.015 0.230 0.290
0 2 0 0 3008 0.014 0.233 0.266
0 2 0 0 3013 0.012 0.227 0.268
0 2 0 0 3030 0.014 0.225 0.272
0 2 0 1 2487 0.006 0.629 7.551
0 2 0 1 2591 0.009 0.055 0.078
0 2 0 1 2607 0.006 0.079 0.412
0 2 0 1 2471 0.005 0.054 0.076
0 2 0 1 2569 0.006 0.511 6.020
0 2 0 1 2416 0.005 0.193 1.890
0 2 0 2 2289 0.008 0.400 0.976
0 2 0 2 2325 0.009 0.563 3.151
0 2 0 2 2303 0.007 0.346 0.464
0 2 0 2 2238 0.007 0.371 0.568
0 2 0 2 2284 0.011 0.465 2.194
0 2 0 2 2246 0.008 0.578 3.308
0 2 0 3 2840 0.007 0.179 0.258
0 2 0 3 2810 0.010 0.175 0.265
0 2 0 3 2838 0.011 0.187 0.247
0 2 0 3 2802 0.012 0.158 0.233
0 2 0 3 2796 0.011 0.175 0.256
0 2 0 3 2800 0.017 0.166 0.234
0 2 0 4 2694 0.008 0.091 0.167
0 2 0 4 2783 0.007 0.076 0.183
0 2 0 4 2644 0.007 0.077 0.149
0 2 0 4 2585 0.008 0.442 4.860
0 2 0 4 2653 0.006 0.404 4.386
0 2 0 4 2693 0.007 0.071 0.122
0 2 1 0 2983 0.006 0.219 0.246
0 2 1 0 3018 0.006 0.237 0.408
0 2 1 0 2990 0.006 0.222 0.266
0 2 1 0 3000 0.008 0.231 0.271
0 2 1 0 3001 0.006 0.233 0.287
0 2 1 0 2999 0.009 0.228 0.266
0 2 1 1 2662 0.006 0.053 0.075
0 2 1 1 2675 0.006 0.055 0.078
0 2 1 1 2650 0.005 0.054 0.075
0 2 1 1 2708 0.005 0.077 0.384
0 2 1 1 2704 0.005 0.165 1.500
0 2 1 1 2712 0.017 0.054 0.076
0 2 1 2 2356 0.008 0.423 1.617
0 2 1 2 2371 0.009 0.370 0.504
0 2 1 2 2369 0.007 0.375 0.835
0 2 1 2 2177 0.007 0.703 4.676
0 2 1 2 2311 0.011 0.360 0.512
0 2 1 2 2372 0.010 0.365 0.498
0 2 1 3 2801 0.017 0.177 0.256
0 2 1 3 2820 0.005 0.184 0.290
0 2 1 3 2827 0.016 0.387 2.907
0 2 1 3 2810 0.010 0.166 0.198
0 2 1 3 2826 0.011 0.162 0.306
0 2 1 3 2808 0.011 0.168 0.217
0 2 1 4 2688 0.006 0.407 4.439
0 2 1 4 2757 0.006 0.164 1.283
0 2 1 4 2851 0.007 0.177 1.435
0 2 1 4 2767 0.011 0.417 4.628
0 2 1 4 2827 0.008 0.451 4.995
0 2 1 4 2845 0.007 0.347 3.637
0 2 2 0 2970 0.015 0.215 0.262
0 2 2 0 2942 0.013 0.231 0.267
0 2 2 0 2939 0.014 0.232 0.270
0 2 2 0 2944 0.016 0.227 0.262
0 2 2 0 2954 0.013 0.236 0.279
0 2 2 0 2944 0.015 0.221 0.262
0 2 2 1 2627 0.006 0.053 0.076
0 2 2 1 2624 0.006 0.055 0.075
0 2 2 1 2637 0.006 0.079 0.405
0 2 2 1 2630 0.006 0.054 0.076
0 2 2 1 2557 0.005 0.054 0.077
0 2 2 1 2622 0.006 0.507 5.968
0 2 2 2 2336 0.009 0.370 0.506
0 2 2 2 2326 0.010 0.574 3.239
0 2 2 2 2341 0.008 2.760 23.765
0 2 2 2 2291 0.010 0.481 1.584
0 2 2 2 2328 0.009 0.376 0.521
0 2 2 2 2314 0.010 0.787 6.495
0 2 2 3 2766 0.008 0.132 0.185
0 2 2 3 2772 0.009 0.163 0.235
0 2 2 3 2781 0.013 0.173 0.273
0 2 2 3 2798 0.011 0.161 0.231
0 2 2 3 2793 0.007 0.722 7.366
0 2 2 3 2775 0.014 0.185 0.264
0 2 2 4 2811 0.011 0.392 4.234
0 2 2 4 2775 0.007 0.230 2.110
0 2 2 4 2759 0.012 0.075 0.144
0 2 2 4 2708 0.013 0.207 1.417
0 2 2 4 2836 0.006 0.359 3.773
0 2 2 4 2768 0.010 0.075 0.133
1 0 0 0 2367 0.088 0.262 0.293
1 0 0 0 2360 0.019 0.260 0.281
1 0 0 0 2373 0.019 0.257 0.295
1 0 0 0 2360 0.157 0.256 0.298
1 0 0 0 2352 0.019 0.263 0.276
1 0 0 0 2358 0.024 0.255 0.302
1 0 0 1 2287 0.012 0.188 0.247
1 0 0 1 2293 0.013 0.181 0.246
1 0 0 1 2289 0.100 0.203 0.247
1 0 0 1 2279 0.007 0.185 0.249
1 0 0 1 2285 0.015 0.200 0.262
1 0 0 1 2279 0.014 0.206 0.253
1 0 0 2 2330 0.007 0.274 0.312
1 0 0 2 2341 0.006 0.274 0.378
1 0 0 2 2325 0.012 0.293 0.405
1 0 0 2 2312 0.007 0.291 0.377
1 0 0 2 2332 0.007 0.274 0.392
1 0 0 2 2349 0.008 0.287 0.392
1 0 0 3 2323 0.086 0.256 0.281
1 0 0 3 2309 0.023 0.253 0.277
1 0 0 3 2304 0.026 0.254 0.285
1 0 0 3 2309 0.019 0.254 0.313
1 0 0 3 2299 0.024 0.260 0.314
1 0 0 3 2291 0.025 0.261 0.302
1 0 0 4 2269 0.014 0.239 0.352
1 0 0 4 2276 0.010 0.253 0.369
1 0 0 4 2275 0.017 0.250 0.356
1 0 0 4 2268 0.022 0.257 0.351
1 0 0 4 2286 0.275 0.260 0.346
1 0 0 4 2298 0.010 0.248 0.311
1 0 1 0 2349 0.017 0.255 0.296
1 0 1 0 2367 0.198 0.263 0.318
1 0 1 0 2356 0.011 0.256 0.299
1 0 1 0 2359 0.018 0.582 4.413
1 0 1 0 2362 0.012 0.257 0.299
1 0 1 0 2353 0.019 0.495 3.327
1 0 1 1 2274 0.012 0.183 0.247
1 0 1 1 2281 0.008 0.187 0.247
1 0 1 1 2278 0.012 0.196 0.263
1 0 1 1 2282 0.020 0.176 0.253
1 0 1 1 2279 0.010 0.185 0.247
1 0 1 1 2272 0.012 0.692 6.714
1 0 1 2 2323 0.008 0.277 0.339
1 0 1 2 2323 0.008 0.279 0.395
1 0 1 2 2331 0.007 0.590 4.157
1 0 1 2 2099 0.007 0.284 0.376
1 0 1 2 2333 0.008 1.045 10.163
1 0 1 2 2330 0.008 0.271 0.409
1 0 1 3 2312 0.015 0.252 0.288
1 0 1 3 2302 0.266 0.253 0.273
1 0 1 3 2316 0.015 0.251 0.279
1 0 1 3 2305 0.026 0.330 1.191
1 0 1 3 2293 0.027 0.252 0.300
1 0 1 3 2300 0.013 0.262 0.276
1 0 1 4 2262 0.318 0.251 0.320
1 0 1 4 2266 0.015 0.262 0.385
1 0 1 4 2275 0.024 0.250 0.279
1 0 1 4 2264 0.008 0.244 0.306
1 0 1 4 2274 0.009 0.999 10.073
1 0 1 4 2283 0.010 0.250 0.404
1 0 2 0 2337 0.020 0.255 0.310
1 0 2 0 2341 0.267 0.249 0.297
1 0 2 0 2337 0.021 0.263 0.330
1 0 2 0 2336 0.025 0.252 0.300
1 0 2 0 2349 0.254 0.616 4.818
1 0 2 0 2344 0.156 0.258 0.305
1 0 2 1 2275 0.013 0.202 0.247
1 0 2 1 2273 0.012 0.198 0.294
1 0 2 1 2267 0.010 0.198 0.247
1 0 2 1 2286 0.016 0.194 0.263
1 0 2 1 2264 0.011 0.206 0.252
1 0 2 1 2274 0.013 0.185 0.248
1 0 2 2 2348 0.007 0.282 0.328
1 0 2 2 2344 0.007 0.271 0.351
1 0 2 2 2302 0.007 0.296 0.400
1 0 2 2 2330 0.008 0.599 4.396
1 0 2 2 2349 0.015 0.416 2.074
1 0 2 2 2329 0.007 0.269 0.353
1 0 2 3 2298 0.027 0.265 0.285
1 0 2 3 2297 0.020 0.255 0.289
1 0 2 3 2297 0.019 0.264 0.302
1 0 2 3 2301 0.025 0.260 0.302
1 0 2 3 2301 0.020 0.251 0.291
1 0 2 3 2300 0.017 0.253 0.286
1 0 2 4 2261 0.010 0.238 0.278
1 0 2 4 2280 0.008 0.247 0.314
1 0 2 4 2272 0.011 0.788 7.342
1 0 2 4 2259 0.020 0.243 0.283
1 0 2 4 2290 0.012 0.790 7.290
1 0 2 4 2263 0.006 0.254 0.349
1 1 0 0 2768 0.015 0.230 0.246
1 1 0 0 2815 0.015 0.229 0.271
1 1 0 0 2831 0.015 0.218 0.244
1 1 0 0 2801 0.014 0.227 0.262
1 1 0 0 2807 0.017 0.222 0.244
1 1 0 0 2818 0.018 0.220 0.259
1 1 0 1 2776 0.013 0.146 0.165
1 1 0 1 2753 0.011 0.164 0.245
1 1 0 1 2792 0.011 0.160 0.246
1 1 0 1 2772 0.009 0.152 0.247
1 1 0 1 2765 0.278 0.157 0.219
1 1 0 1 2759 0.154 0.169 0.234
1 1 0 2 2941 0.008 0.215 0.246
1 1 0 2 2927 0.008 0.254 0.339
1 1 0 2 2899 0.006 0.237 0.296
1 1 0 2 2940 0.006 0.227 0.341
1 1 0 2 2895 0.009 0.236 0.471
1 1 0 2 2909 0.006 0.235 0.313
1 1 0 3 2799 0.022 0.223 0.257
1 1 0 3 2748 0.015 0.223 0.249
1 1 0 3 2734 0.012 0.220 0.251
1 1 0 3 2763 0.015 0.226 0.275
1 1 0 3 2775 0.015 0.222 0.266
1 1 0 3 2704 0.015 0.219 0.246
1 1 0 4 2794 0.010 0.215 0.267
1 1 0 4 2740 0.012 0.228 0.359
1 1 0 4 2783 0.191 0.218 0.280
1 1 0 4 2780 0.010 0.212 0.242
1 1 0 4 2733 0.011 0.226 0.295
1 1 0 4 2745 0.010 0.225 0.312
1 1 1 0 2885 0.017 0.226 0.292
1 1 1 0 2853 0.013 0.224 0.245
1 1 1 0 2877 0.017 0.226 0.250
1 1 1 0 2861 0.016 0.234 0.306
1 1 1 0 2858 0.144 0.222 0.267
1 1 1 0 2875 0.015 0.232 0.256
1 1 1 1 2787 0.013 0.152 0.260
1 1 1 1 2808 0.012 0.151 0.219
1 1 1 1 2799 0.011 0.159 0.211
1 1 1 1 2760 0.012 0.164 0.253
1 1 1 1 2780 0.011 0.147 0.166
1 1 1 1 2781 0.005 0.148 0.191
1 1 1 2 2998 0.006 0.233 0.303
1 1 1 2 2952 0.006 0.226 0.311
1 1 1 2 2967 0.009 0.235 0.306
1 1 1 2 2945 0.009 0.228 0.294
1 1 1 2 2915 0.006 0.237 0.332
1 1 1 2 2977 0.006 0.240 0.330
1 1 1 3 2840 0.012 0.224 0.253
1 1 1 3 2816 0.017 0.229 0.261
1 1 1 3 2824 0.012 0.228 0.287
1 1 1 3 2805 0.016 0.213 0.248
1 1 1 3 2786 0.015 0.218 0.243
1 1 1 3 2789 0.013 0.221 0.289
1 1 1 4 2780 0.011 0.225 0.309
1 1 1 4 2753 0.010 0.219 0.281
1 1 1 4 2820 0.013 0.204 0.243
1 1 1 4 2766 0.012 0.219 0.263
1 1 1 4 2792 0.007 0.217 0.286
1 1 1 4 2771 0.272 0.212 0.270
1 1 2 0 2848 0.265 0.226 0.239
1 1 2 0 2801 0.204 0.223 0.271
1 1 2 0 2801 0.012 0.225 0.242
1 1 2 0 2799 0.018 0.227 0.286
1 1 2 0 2826 0.144 0.536 4.199
1 1 2 0 2814 0.018 0.228 0.294
1 1 2 1 2721 0.010 0.159 0.246
1 1 2 1 2759 0.272 0.151 0.182
1 1 2 1 2752 0.011 0.147 0.182
1 1 2 1 2734 0.011 0.139 0.166
1 1 2 1 2729 0.274 0.176 0.232
1 1 2 1 2722 0.012 0.152 0.179
1 1 2 2 2925 0.006 0.232 0.304
1 1 2 2 2942 0.007 0.249 0.297
1 1 2 2 2906 0.009 0.234 0.314
1 1 2 2 2932 0.009 0.248 0.333
1 1 2 2 2877 0.006 0.239 0.328
1 1 2 2 2939 0.008 0.250 0.363
1 1 2 3 2767 0.271 0.224 0.235
1 1 2 3 2768 0.144 0.231 0.289
1 1 2 3 2780 0.018 0.218 0.235
1 1 2 3 2769 0.016 0.224 0.245
1 1 2 3 2725 0.017 0.223 0.311
1 1 2 3 2696 0.017 0.231 0.260
1 1 2 4 2722 0.011 0.222 0.302
1 1 2 4 2733 0.012 0.206 0.232
1 1 2 4 2742 0.011 0.201 0.237
1 1 2 4 2715 0.012 0.217 0.253
1 1 2 4 2633 0.006 0.209 0.284
1 1 2 4 2749 0.011 0.219 0.283
1 2 0 0 3010 0.013 0.231 0.257
1 2 0 0 3012 0.018 0.222 0.277
1 2 0 0 3001 0.016 0.225 0.273
1 2 0 0 3001 0.021 0.225 0.270
1 2 0 0 3006 0.017 0.228 0.271
1 2 0 0 3023 0.013 0.227 0.268
1 2 0 1 2934 0.010 0.157 0.234
1 2 0 1 2935 0.007 0.180 0.247
1 2 0 1 2924 0.005 0.160 0.235
1 2 0 1 2902 0.007 0.158 0.249
1 2 0 1 2944 0.013 0.141 0.180
1 2 0 1 2918 0.008 0.172 0.241
1 2 0 2 2990 0.007 0.245 0.300
1 2 0 2 3002 0.010 0.253 0.346
1 2 0 2 3004 0.015 0.228 0.305
1 2 0 2 2993 0.005 0.386 2.196
1 2 0 2 2983 0.012 0.254 0.309
1 2 0 2 2947 0.012 0.243 0.328
1 2 0 3 2954 0.024 0.228 0.262
1 2 0 3 2944 0.017 0.223 0.246
1 2 0 3 2955 0.015 0.227 0.240
1 2 0 3 2925 0.017 0.211 0.238
1 2 0 3 2945 0.012 0.224 0.251
1 2 0 3 2949 0.012 0.208 0.235
1 2 0 4 2914 0.008 0.206 0.248
1 2 0 4 2936 0.013 0.230 0.279
1 2 0 4 2927 0.013 0.234 0.335
1 2 0 4 2933 0.017 0.210 0.228
1 2 0 4 2942 0.012 0.227 0.361
1 2 0 4 2928 0.009 0.222 0.291
1 2 1 0 2990 0.016 0.225 0.286
1 2 1 0 2974 0.016 0.225 0.276
1 2 1 0 2980 0.006 0.226 0.268
1 2 1 0 2996 0.013 0.225 0.266
1 2 1 0 2985 0.006 0.590 5.062
1 2 1 0 3004 0.011 0.225 0.237
1 2 1 1 2933 0.010 0.163 0.239
1 2 1 1 2921 0.022 0.160 0.246
1 2 1 1 2906 0.008 0.149 0.240
1 2 1 1 2914 0.010 0.232 0.843
1 2 1 1 2887 0.006 0.156 0.232
1 2 1 1 2894 0.007 0.157 0.239
1 2 1 2 3001 0.009 0.255 0.323
1 2 1 2 2979 0.006 0.239 0.311
1 2 1 2 3025 0.010 0.260 0.362
1 2 1 2 2980 0.007 0.280 0.342
1 2 1 2 3001 0.006 0.258 0.306
1 2 1 2 3042 0.006 0.262 0.329
1 2 1 3 2936 0.008 0.228 0.296
1 2 1 3 2934 0.015 0.580 4.811
1 2 1 3 2932 0.009 0.375 2.051
1 2 1 3 2945 0.012 0.724 6.508
1 2 1 3 2941 0.008 0.218 0.250
1 2 1 3 2925 0.012 0.231 0.284
1 2 1 4 2890 0.013 0.218 0.272
1 2 1 4 2916 0.009 0.241 0.306
1 2 1 4 2913 0.008 0.213 0.340
1 2 1 4 2941 0.009 0.225 0.277
1 2 1 4 2907 0.006 0.215 0.259
1 2 1 4 2929 0.006 0.218 0.265
1 2 2 0 2949 0.015 0.225 0.275
1 2 2 0 2942 0.011 0.228 0.250
1 2 2 0 2951 0.018 0.226 0.275
1 2 2 0 2936 0.020 0.219 0.266
1 2 2 0 2917 0.013 0.213 0.237
1 2 2 0 2955 0.012 0.220 0.252
1 2 2 1 2902 0.007 0.156 0.226
1 2 2 1 2860 0.005 0.160 0.238
1 2 2 1 2891 0.012 0.144 0.229
1 2 2 1 2883 0.012 0.539 4.636
1 2 2 1 2895 0.006 0.172 0.239
1 2 2 1 2872 0.008 0.215 0.852
1 2 2 2 2986 0.013 0.263 0.339
1 2 2 2 2945 0.008 0.261 0.322
1 2 2 2 2984 0.006 0.252 0.320
1 2 2 2 2947 0.005 0.233 0.312
1 2 2 2 2990 0.006 0.248 0.307
1 2 2 2 2921 0.006 0.263 0.352
1 2 2 3 2927 0.017 0.219 0.244
1 2 2 3 2901 0.011 0.207 0.234
1 2 2 3 2906 0.017 0.580 4.861
1 2 2 3 2882 0.015 0.213 0.254
1 2 2 3 2895 0.012 0.212 0.248
1 2 2 3 2908 0.014 0.549 4.372
1 2 2 4 2862 0.013 0.225 0.294
1 2 2 4 2882 0.014 0.235 0.316
1 2 2 4 2882 0.014 0.222 0.307
1 2 2 4 2912 0.009 0.237 0.415
1 2 2 4 2894 0.005 0.216 0.270
1 2 2 4 2903 0.013 0.239 0.360
2 0 0 0 2374 0.273 0.265 0.290
2 0 0 0 2364 0.020 0.261 0.301
2 0 0 0 2375 0.020 0.265 0.315
2 0 0 0 2361 0.274 0.262 0.309
2 0 0 0 2366 0.016 0.263 0.300
2 0 0 0 2362 0.022 0.259 0.281
2 0 0 1 2004 0.006 0.065 0.093
2 0 0 1 2049 0.007 0.065 0.094
2 0 0 1 2035 0.005 0.242 2.399
2 0 0 1 1937 0.006 0.463 5.272
2 0 0 1 2001 0.006 0.067 0.094
2 0 0 1 1977 0.006 0.140 1.065
2 0 0 2 1657 0.009 0.758 4.308
2 0 0 2 1752 0.013 0.470 0.769
2 0 0 2 1715 0.009 0.419 0.546
2 0 0 2 1695 0.008 0.438 0.596
2 0 0 2 1727 0.011 0.387 0.495
2 0 0 2 1701 0.011 0.676 3.135
2 0 0 3 2196 0.019 0.211 0.325
2 0 0 3 2199 0.017 0.206 0.276
2 0 0 3 2196 0.264 0.211 0.328
2 0 0 3 2201 0.010 0.209 0.252
2 0 0 3 2198 0.018 0.207 0.234
2 0 0 3 2182 0.014 0.205 0.311
2 0 0 4 1962 0.006 0.082 0.119
2 0 0 4 2069 0.007 0.404 4.303
2 0 0 4 2003 0.007 0.104 0.193
2 0 0 4 2140 0.007 0.098 0.199
2 0 0 4 2027 0.007 0.232 1.870
2 0 0 4 2059 0.008 0.083 0.126
2 0 1 0 2347 0.014 0.254 0.270
2 0 1 0 2350 0.021 0.262 0.280
2 0 1 0 2339 0.008 0.254 0.301
2 0 1 0 2351 0.273 0.404 2.032
2 0 1 0 2331 0.012 0.257 0.302
2 0 1 0 2363 0.274 0.631 4.989
2 0 1 1 2078 0.007 0.226 2.202
2 0 1 1 2030 0.006 0.065 0.095
2 0 1 1 2117 0.007 0.068 0.094
2 0 1 1 2099 0.006 0.280 2.853
2 0 1 1 2043 0.007 0.064 0.092
2 0 1 1 2140 0.006 0.099 0.517
2 0 1 2 1749 0.013 0.790 5.577
2 0 1 2 1653 0.007 3.313 37.951
2 0 1 2 1749 0.010 0.790 4.863
2 0 1 2 1756 0.009 0.415 0.556
2 0 1 2 1707 0.008 0.438 0.587
2 0 1 2 1750 0.010 0.618 3.189
2 0 1 3 2199 0.008 0.182 0.225
2 0 1 3 2189 0.009 0.194 0.244
2 0 1 3 2200 0.008 0.499 4.230
2 0 1 3 2185 0.016 0.190 0.265
2 0 1 3 2190 0.009 0.197 0.261
2 0 1 3 2186 0.012 0.289 1.459
2 0 1 4 2145 0.007 0.385 3.969
2 0 1 4 2102 0.007 0.083 0.107
2 0 1 4 2090 0.008 0.162 1.169
2 0 1 4 2130 0.007 0.305 2.935
2 0 1 4 2126 0.007 0.289 2.710
2 0 1 4 2112 0.007 0.097 0.189
2 0 2 0 2289 0.266 0.265 0.320
2 0 2 0 2296 0.099 0.261 0.304
2 0 2 0 2302 0.025 0.262 0.321
2 0 2 0 2289 0.025 0.269 0.336
2 0 2 0 2294 0.023 0.263 0.321
2 0 2 0 2296 0.021 0.261 0.300
2 0 2 1 2020 0.006 0.065 0.095
2 0 2 1 2028 0.006 0.099 0.530
2 0 2 1 2017 0.006 0.065 0.095
2 0 2 1 1950 0.006 0.323 3.449
2 0 2 1 2016 0.006 0.068 0.096
2 0 2 1 2016 0.005 0.066 0.093
2 0 2 2 1595 0.012 0.495 0.620
2 0 2 2 1692 0.011 0.445 0.677
2 0 2 2 1692 0.009 0.703 3.285
2 0 2 2 1722 0.009 0.759 5.169
2 0 2 2 1676 0.010 0.683 3.294
2 0 2 2 1709 0.019 0.499 1.636
2 0 2 3 2138 0.010 0.193 0.270
2 0 2 3 2132 0.014 0.183 0.212
2 0 2 3 2140 0.012 0.193 0.272
2 0 2 3 2141 0.009 0.214 0.351
2 0 2 3 2136 0.014 0.197 0.263
2 0 2 3 2160 0.012 0.701 6.523
2 0 2 4 2083 0.008 0.527 5.772
2 0 2 4 1997 0.007 0.086 0.164
2 0 2 4 1985 0.008 0.159 1.113
2 0 2 4 2050 0.006 0.097 0.189
2 0 2 4 1980 0.007 0.173 1.207
2 0 2 4 2105 0.007 0.093 0.156
2 1 0 0 2817 0.024 0.227 0.254
2 1 0 0 2813 0.013 0.223 0.246
2 1 0 0 2799 0.017 0.218 0.236
2 1 0 0 2819 0.022 0.227 0.248
2 1 0 0 2819 0.013 0.231 0.287
2 1 0 0 2874 0.265 0.227 0.262
2 1 0 1 2364 0.007 0.189 1.813
2 1 0 1 2471 0.005 0.054 0.077
2 1 0 1 2381 0.009 0.054 0.074
2 1 0 1 2391 0.006 0.324 3.584
2 1 0 1 2480 0.006 0.054 0.075
2 1 0 1 2488 0.006 0.055 0.074
2 1 0 2 2224 0.010 0.355 0.579
2 1 0 2 2294 0.008 1.760 19.273
2 1 0 2 2286 0.011 0.318 0.416
2 1 0 2 2326 0.013 0.307 0.418
2 1 0 2 2270 0.014 0.377 0.584
2 1 0 2 2269 0.009 0.297 0.444
2 1 0 3 2658 0.014 0.188 0.229
2 1 0 3 2701 0.013 0.185 0.216
2 1 0 3 2647 0.015 0.184 0.232
2 1 0 3 2663 0.011 0.157 0.226
2 1 0 3 2663 0.009 0.181 0.221
2 1 0 3 2689 0.018 0.172 0.203
2 1 0 4 2537 0.006 0.076 0.161
2 1 0 4 2569 0.008 0.135 0.990
2 1 0 4 2640 0.008 0.077 0.159
2 1 0 4 2576 0.009 0.077 0.166
2 1 0 4 2544 0.006 0.299 2.833
2 1 0 4 2730 0.007 0.145 1.063
2 1 1 0 2838 0.013 0.230 0.273
2 1 1 0 2839 0.100 0.227 0.242
2 1 1 0 2834 0.204 0.230 0.287
2 1 1 0 2811 0.088 0.226 0.236
2 1 1 0 2801 0.019 0.227 0.269
2 1 1 0 2865 0.087 0.225 0.274
2 1 1 1 2544 0.004 0.054 0.075
2 1 1 1 2506 0.004 0.182 1.740
2 1 1 1 2534 0.005 0.055 0.075
2 1 1 1 2528 0.005 0.053 0.076
2 1 1 1 2447 0.006 0.053 0.075
2 1 1 1 2451 0.006 0.054 0.074
2 1 1 2 2264 0.009 0.436 0.606
2 1 1 2 2252 0.011 0.385 0.552
2 1 1 2 2286 0.013 0.393 0.514
2 1 1 2 2287 0.013 2.154 23.319
2 1 1 2 2277 0.013 0.556 3.142
2 1 1 2 2300 0.008 0.585 3.542
2 1 1 3 2683 0.270 0.171 0.199
2 1 1 3 2637 0.352 0.181 0.256
2 1 1 3 2651 0.016 0.182 0.291
2 1 1 3 2660 0.010 0.171 0.237
2 1 1 3 2643 0.009 0.169 0.198
2 1 1 3 2663 0.013 0.171 0.226
2 1 1 4 2660 0.006 0.187 1.569
2 1 1 4 2742 0.010 0.403 4.260
2 1 1 4 2678 0.007 0.072 0.141
2 1 1 4 2771 0.009 0.078 0.152
2 1 1 4 2596 0.006 0.083 0.149
2 1 1 4 2740 0.007 0.079 0.139
2 1 2 0 2821 0.017 0.279 0.878
2 1 2 0 2783 0.018 0.231 0.276
2 1 2 0 2796 0.020 0.231 0.262
2 1 2 0 2792 0.267 0.222 0.245
2 1 2 0 2748 0.018 0.227 0.243
2 1 2 0 2814 0.018 0.226 0.257
2 1 2 1 2472 0.005 0.054 0.074
2 1 2 1 2377 0.007 0.054 0.074
2 1 2 1 2447 0.005 0.054 0.074
2 1 2 1 2475 0.005 0.053 0.075
2 1 2 1 2429 0.005 0.053 0.074
2 1 2 1 2480 0.005 0.053 0.074
2 1 2 2 2257 0.008 0.553 3.272
2 1 2 2 2295 0.009 0.364 0.492
2 1 2 2 2269 0.009 0.411 0.977
2 1 2 2 2277 0.009 0.385 0.710
2 1 2 2 2342 0.009 1.599 8.456
2 1 2 2 2255 0.016 0.397 0.735
2 1 2 3 2605 0.012 0.179 0.291
2 1 2 3 2592 0.011 0.175 0.259
2 1 2 3 2642 0.011 0.173 0.241
2 1 2 3 2609 0.009 0.182 0.262
2 1 2 3 2621 0.011 0.167 0.293
2 1 2 3 2607 0.009 0.171 0.234
2 1 2 4 2744 0.010 0.150 1.112
2 1 2 4 2670 0.007 0.161 1.234
2 1 2 4 2541 0.007 0.074 0.132
2 1 2 4 2700 0.009 0.206 1.768
2 1 2 4 2714 0.008 0.078 0.164
2 1 2 4 2656 0.009 0.348 3.643
2 2 0 0 2977 0.015 0.239 0.265
2 2 0 0 2957 0.015 0.232 0.273
2 2 0 0 2970 0.015 0.233 0.287
2 2 0 0 2976 0.012 0.232 0.269
2 2 0 0 2964 0.014 0.225 0.259
2 2 0 0 2967 0.015 0.237 0.280
2 2 0 1 2477 0.005 0.349 3.910
2 2 0 1 2578 0.005 0.223 2.258
2 2 0 1 2519 0.006 0.055 0.078
2 2 0 1 2606 0.006 0.056 0.075
2 2 0 1 2549 0.006 0.057 0.080
2 2 0 1 2519 0.005 0.213 2.135
2 2 0 2 2289 0.009 0.344 0.517
2 2 0 2 2261 0.009 0.579 2.981
2 2 0 2 2346 0.009 0.373 0.438
2 2 0 2 2224 0.012 0.366 0.540
2 2 0 2 2235 0.012 0.336 0.453
2 2 0 2 2209 0.013 0.533 2.182
2 2 0 3 2762 0.007 0.183 0.243
2 2 0 3 2806 0.011 0.175 0.236
2 2 0 3 2790 0.010 0.191 0.234
2 2 0 3 2796 0.011 0.174 0.254
2 2 0 3 2777 0.007 0.176 0.252
2 2 0 3 2787 0.009 0.184 0.274
2 2 0 4 2638 0.013 0.148 1.119
2 2 0 4 2738 0.007 0.168 1.394
2 2 0 4 2716 0.006 0.134 0.783
2 2 0 4 2713 0.015 0.080 0.178
2 2 0 4 2519 0.007 0.394 4.225
2 2 0 4 2761 0.007 0.443 4.791
2 2 1 0 2982 0.006 0.225 0.244
2 2 1 0 2953 0.014 0.228 0.272
2 2 1 0 2967 0.008 0.235 0.275
2 2 1 0 2956 0.014 0.232 0.281
2 2 1 0 2965 0.009 0.238 0.273
2 2 1 0 2954 0.011 0.225 0.250
2 2 1 1 2644 0.006 0.346 3.866
2 2 1 1 2667 0.006 0.054 0.077
2 2 1 1 2645 0.007 0.212 2.121
2 2 1 1 2600 0.006 0.176 1.663
2 2 1 1 2653 0.006 0.482 5.626
2 2 1 1 2566 0.005 0.054 0.078
2 2 1 2 2313 0.009 2.553 28.872
2 2 1 2 2300 0.009 0.328 0.599
2 2 1 2 2318 0.012 0.523 2.348
2 2 1 2 2341 0.007 2.990 18.976
2 2 1 2 2347 0.108 1.034 6.427
2 2 1 2 2316 0.009 0.774 5.515
2 2 1 3 2774 0.006 0.178 0.277
2 2 1 3 2755 0.011 0.168 0.244
2 2 1 3 2788 0.006 0.158 0.209
2 2 1 3 2778 0.007 0.169 0.269
2 2 1 3 2756 0.005 0.185 0.256
2 2 1 3 2780 0.012 0.172 0.239
2 2 1 4 2798 0.007 0.076 0.138
2 2 1 4 2722 0.007 0.074 0.106
2 2 1 4 2836 0.008 0.088 0.145
2 2 1 4 2637 0.009 0.280 2.676
2 2 1 4 2770 0.008 0.075 0.120
2 2 1 4 2706 0.007 0.074 0.135
2 2 2 0 2903 0.011 0.230 0.259
2 2 2 0 2913 0.016 0.232 0.277
2 2 2 0 2924 0.016 0.227 0.273
2 2 2 0 2920 0.011 0.237 0.262
2 2 2 0 2906 0.015 0.233 0.272
2 2 2 0 2916 0.012 0.230 0.273
2 2 2 1 2629 0.005 0.055 0.078
2 2 2 1 2580 0.006 0.055 0.078
2 2 2 1 2556 0.006 0.055 0.077
2 2 2 1 2604 0.006 0.054 0.076
2 2 2 1 2624 0.005 0.055 0.078
2 2 2 1 2565 0.006 0.229 2.345
2 2 2 2 2317 0.009 0.433 1.506
2 2 2 2 2290 0.011 0.343 0.485
2 2 2 2 2232 0.009 0.599 2.736
2 2 2 2 2293 0.009 0.311 0.412
2 2 2 2 2260 0.009 0.331 0.427
2 2 2 2 2200 0.008 3.055 32.466
2 2 2 3 2727 0.012 0.133 0.174
2 2 2 3 2723 0.011 0.175 0.237
2 2 2 3 2735 0.011 0.155 0.254
2 2 2 3 2747 0.009 0.171 0.275
2 2 2 3 2745 0.009 0.183 0.245
2 2 2 3 2711 0.016 0.166 0.212
2 2 2 4 2818 0.011 0.443 4.893
2 2 2 4 2750 0.008 0.070 0.092
2 2 2 4 2781 0.007 0.081 0.150
2 2 2 4 2797 0.007 0.194 1.633
2 2 2 4 2562 0.007 0.411 4.554
2 2 2 4 2759 0.009 0.159 1.042
3 0 0 0 2579 0.015 0.266 0.297
3 0 0 0 2603 0.026 0.260 0.309
3 0 0 0 2609 0.025 0.266 0.302
3 0 0 0 2633 0.021 0.258 0.300
3 0 0 0 2622 0.208 0.256 0.304
3 0 0 0 2612 0.208 0.261 0.304
3 0 0 1 2529 0.010 0.732 7.120
3 0 0 1 2535 0.009 0.208 0.307
3 0 0 1 2533 0.007 0.186 0.270
3 0 0 1 2525 0.014 0.186 0.247
3 0 0 1 2524 0.523 0.194 0.265
3 0 0 1 2525 0.009 0.205 0.267
3 0 0 2 2625 0.024 0.282 0.365
3 0 0 2 2620 0.024 0.291 0.373
3 0 0 2 2615 0.023 0.288 0.398
3 0 0 2 2589 0.012 0.291 0.365
3 0 0 2 2616 0.205 0.264 0.309
3 0 0 2 2610 0.020 0.291 0.446
3 0 0 3 2551 0.025 0.262 0.328
3 0 0 3 2545 0.021 0.261 0.295
3 0 0 3 2540 0.015 0.251 0.271
3 0 0 3 2550 0.022 0.259 0.312
3 0 0 3 2524 0.152 0.597 4.580
3 0 0 3 2540 0.019 0.259 0.281
3 0 0 4 2508 0.012 0.253 0.324
3 0 0 4 2518 0.011 0.253 0.337
3 0 0 4 2527 0.011 0.245 0.309
3 0 0 4 2520 0.009 0.284 0.422
3 0 0 4 2483 0.011 0.249 0.284
3 0 0 4 2499 0.014 0.247 0.352
3 0 1 0 2591 0.012 0.261 0.304
3 0 1 0 2590 0.021 0.268 0.299
3 0 1 0 2593 0.021 0.262 0.300
3 0 1 0 2592 0.021 0.260 0.315
3 0 1 0 2589 0.012 0.697 5.892
3 0 1 0 2578 0.020 0.263 0.302
3 0 1 1 2493 0.010 0.198 0.250
3 0 1 1 2497 0.007 0.202 0.266
3 0 1 1 2512 0.012 0.207 0.269
3 0 1 1 2520 0.007 0.215 0.248
3 0 1 1 2504 0.012 0.185 0.256
3 0 1 1 2511 0.010 0.212 0.303
3 0 1 2 2568 0.020 0.589 3.873
3 0 1 2 2586 0.093 0.280 0.412
3 0 1 2 2588 0.021 0.274 0.368
3 0 1 2 2590 0.013 0.278 0.352
3 0 1 2 2598 0.021 0.298 0.365
3 0 1 2 2591 0.016 0.260 0.361
3 0 1 3 2538 0.020 0.252 0.280
3 0 1 3 2529 0.014 0.257 0.298
3 0 1 3 2544 0.020 0.248 0.269
3 0 1 3 2549 0.011 0.254 0.280
3 0 1 3 2549 0.218 0.251 0.270
3 0 1 3 2541 0.007 0.260 0.285
3 0 1 4 2474 0.013 0.263 0.348
3 0 1 4 2486 0.008 0.259 0.317
3 0 1 4 2505 0.014 0.257 0.351
3 0 1 4 2522 0.013 0.247 0.349
3 0 1 4 2506 0.274 0.277 0.356
3 0 1 4 2513 0.012 0.252 0.315
3 0 2 0 2605 0.021 0.260 0.300
3 0 2 0 2599 0.017 0.266 0.303
3 0 2 0 2593 0.026 0.263 0.300
3 0 2 0 2587 0.093 0.314 0.851
3 0 2 0 2595 0.273 0.260 0.302
3 0 2 0 2588 0.265 0.258 0.301
3 0 2 1 2504 0.009 0.200 0.265
3 0 2 1 2511 0.020 0.176 0.247
3 0 2 1 2509 0.009 0.680 6.415
3 0 2 1 2499 0.014 0.213 0.262
3 0 2 1 2502 0.019 0.182 0.287
3 0 2 1 2510 0.009 0.215 0.252
3 0 2 2 2582 0.025 0.292 0.405
3 0 2 2 2587 0.023 0.269 0.322
3 0 2 2 2588 0.016 0.300 0.369
3 0 2 2 2570 0.027 0.278 0.344
3 0 2 2 2607 0.013 0.276 0.405
3 0 2 2 2555 0.205 0.274 0.324
3 0 2 3 2447 0.011 0.244 0.313
3 0 2 3 2451 0.384 0.259 0.339
3 0 2 3 2453 0.009 0.297 0.346
3 0 2 3 2458 0.151 0.251 0.355
3 0 2 3 2451 0.013 0.252 0.341
3 0 2 3 2461 0.022 0.266 0.330
3 0 2 4 2523 0.273 0.266 0.338
3 0 2 4 2524 0.010 0.255 0.372
3 0 2 4 2506 0.015 0.250 0.304
3 0 2 4 2512 0.007 0.257 0.350
3 0 2 4 2515 0.011 0.253 0.405
3 0 2 4 2508 0.008 0.246 0.308
3 1 0 0 3146 0.086 0.233 0.253
3 1 0 0 3128 0.016 0.224 0.243
3 1 0 0 3142 0.016 0.220 0.255
3 1 0 0 3094 0.021 0.229 0.293
3 1 0 0 3188 0.017 0.459 3.240
3 1 0 0 3093 0.012 0.224 0.254
3 1 0 1 3072 0.011 0.168 0.247
3 1 0 1 3016 0.009 0.154 0.232
3 1 0 1 3060 0.012 0.161 0.251
3 1 0 1 3044 0.011 0.155 0.217
3 1 0 1 3058 0.011 0.166 0.215
3 1 0 1 3004 0.012 0.158 0.216
3 1 0 2 3137 0.201 0.256 0.360
3 1 0 2 3122 0.017 0.254 0.343
3 1 0 2 3176 0.015 0.243 0.287
3 1 0 2 3149 0.019 0.232 0.314
3 1 0 2 3128 0.017 0.244 0.319
3 1 0 2 3124 0.019 0.227 0.289
3 1 0 3 2980 0.010 0.207 0.230
3 1 0 3 2960 0.019 0.224 0.285
3 1 0 3 3026 0.012 0.211 0.276
3 1 0 3 3010 0.011 0.221 0.261
3 1 0 3 2945 0.010 0.233 0.270
3 1 0 3 2962 0.008 0.253 0.293
3 1 0 4 3018 0.008 0.220 0.298
3 1 0 4 3059 0.013 0.230 0.288
3 1 0 4 3023 0.015 0.212 0.280
3 1 0 4 3003 0.012 0.214 0.301
3 1 0 4 3017 0.014 0.218 0.266
3 1 0 4 3030 0.016 0.224 0.288
3 1 1 0 3176 0.017 0.221 0.253
3 1 1 0 3186 0.205 0.477 3.473
3 1 1 0 3174 0.196 0.234 0.299
3 1 1 0 3171 0.017 0.225 0.237
3 1 1 0 3182 0.017 0.235 0.251
3 1 1 0 3146 0.018 0.225 0.278
3 1 1 1 3081 0.006 0.151 0.220
3 1 1 1 3106 0.014 0.155 0.179
3 1 1 1 3074 0.181 0.163 0.270
3 1 1 1 3082 0.009 0.173 0.247
3 1 1 1 3069 0.011 0.171 0.270
3 1 1 1 3059 0.008 0.151 0.205
3 1 1 2 3178 0.203 0.236 0.299
3 1 1 2 3172 0.016 0.246 0.325
3 1 1 2 3160 0.020 0.219 0.290
3 1 1 2 3183 0.017 0.613 4.958
3 1 1 2 3173 0.015 0.253 0.331
3 1 1 2 3166 0.018 0.227 0.318
3 1 1 3 3052 0.010 0.226 0.283
3 1 1 3 3039 0.007 0.226 0.276
3 1 1 3 3017 0.014 0.229 0.273
3 1 1 3 3030 0.014 0.224 0.264
3 1 1 3 3059 0.021 0.233 0.314
3 1 1 3 3033 0.011 0.213 0.276
3 1 1 4 3080 0.013 0.230 0.305
3 1 1 4 3070 0.015 0.221 0.266
3 1 1 4 3112 0.009 0.212 0.242
3 1 1 4 3120 0.150 0.236 0.320
3 1 1 4 3100 0.011 0.211 0.245
3 1 1 4 3109 0.009 0.221 0.328
3 1 2 0 3129 0.017 0.227 0.254
3 1 2 0 3100 0.146 0.231 0.283
3 1 2 0 3117 0.144 0.229 0.252
3 1 2 0 3111 0.014 0.228 0.251
3 1 2 0 3112 0.145 0.223 0.236
3 1 2 0 3117 0.196 0.230 0.247
3 1 2 1 3044 0.342 0.170 0.249
3 1 2 1 3036 0.099 0.173 0.247
3 1 2 1 3023 0.008 0.164 0.245
3 1 2 1 3038 0.009 0.162 0.232
3 1 2 1 3035 0.016 0.164 0.214
3 1 2 1 3030 0.043 0.157 0.217
3 1 2 2 3120 0.016 0.235 0.309
3 1 2 2 3100 0.201 0.219 0.290
3 1 2 2 3079 0.013 0.259 0.409
3 1 2 2 3087 0.016 0.241 0.301
3 1 2 2 3107 0.012 0.241 0.300
3 1 2 2 3096 0.017 0.267 0.337
3 1 2 3 2981 0.013 0.211 0.266
3 1 2 3 2954 0.008 0.222 0.273
3 1 2 3 2953 0.013 0.220 0.278
3 1 2 3 2995 0.011 0.630 5.237
3 1 2 3 3115 0.019 0.241 0.293
3 1 2 3 3118 0.010 0.260 0.327
3 1 2 4 3076 0.013 0.203 0.240
3 1 2 4 3062 0.010 0.198 0.251
3 1 2 4 3040 0.015 0.225 0.351
3 1 2 4 3063 0.010 0.212 0.247
3 1 2 4 2934 0.264 0.213 0.278
3 1 2 4 3055 0.008 0.220 0.279
3 2 0 0 3321 0.015 0.235 0.255
3 2 0 0 3314 0.015 0.235 0.272
3 2 0 0 3337 0.013 0.229 0.273
3 2 0 0 3338 0.015 0.241 0.273
3 2 0 0 3281 0.015 0.228 0.242
3 2 0 0 3287 0.012 0.238 0.281
3 2 0 1 3217 0.009 0.167 0.243
3 2 0 1 3208 0.009 0.176 0.239
3 2 0 1 3205 0.013 0.167 0.250
3 2 0 1 3188 0.014 0.192 0.248
3 2 0 1 3201 0.013 0.173 0.239
3 2 0 1 3204 0.008 0.175 0.239
3 2 0 2 3341 0.013 0.252 0.302
3 2 0 2 3319 0.014 0.242 0.277
3 2 0 2 3309 0.016 0.243 0.319
3 2 0 2 3321 0.016 0.255 0.403
3 2 0 2 3306 0.016 0.242 0.318
3 2 0 2 3301 0.015 0.268 0.344
3 2 0 3 3173 0.025 0.222 0.283
3 2 0 3 3129 0.023 0.235 0.281
3 2 0 3 3123 0.009 0.230 0.318
3 2 0 3 3161 0.008 0.215 0.244
3 2 0 3 3148 0.009 0.225 0.267
3 2 0 3 3119 0.207 0.230 0.299
3 2 0 4 3229 0.011 0.224 0.300
3 2 0 4 3237 0.008 0.208 0.239
3 2 0 4 3255 0.019 0.224 0.272
3 2 0 4 3188 0.006 0.224 0.287
3 2 0 4 3242 0.010 0.228 0.297
3 2 0 4 3207 0.008 0.210 0.240
3 2 1 0 3331 0.008 0.234 0.260
3 2 1 0 3336 0.015 0.231 0.290
3 2 1 0 3317 0.006 0.230 0.282
3 2 1 0 3314 0.013 0.232 0.275
3 2 1 0 3317 0.008 0.236 0.276
3 2 1 0 3327 0.011 0.225 0.249
3 2 1 1 3224 0.008 0.163 0.241
3 2 1 1 3224 0.013 0.175 0.242
3 2 1 1 3224 0.015 0.167 0.242
3 2 1 1 3217 0.009 0.174 0.239
3 2 1 1 3223 0.009 0.162 0.237
3 2 1 1 3213 0.010 0.205 0.501
3 2 1 2 3298 0.008 0.256 0.371
3 2 1 2 3302 0.021 0.233 0.280
3 2 1 2 3340 0.009 0.249 0.319
3 2 1 2 3325 0.015 0.224 0.294
3 2 1 2 3334 0.008 0.266 0.360
3 2 1 2 3304 0.015 0.241 0.314
3 2 1 3 3154 0.011 0.234 0.304
3 2 1 3 3199 0.007 0.222 0.320
3 2 1 3 3189 0.007 0.230 0.294
3 2 1 3 3188 0.022 0.233 0.322
3 2 1 3 3194 0.009 0.205 0.238
3 2 1 3 3175 0.015 0.235 0.304
3 2 1 4 3218 0.097 0.224 0.310
3 2 1 4 3230 0.007 0.219 0.266
3 2 1 4 3225 0.022 0.218 0.287
3 2 1 4 3218 0.014 0.353 1.833
3 2 1 4 3221 0.014 0.224 0.309
3 2 1 4 3254 0.011 0.222 0.330
3 2 2 0 3281 0.014 0.231 0.270
3 2 2 0 3275 0.015 0.229 0.271
3 2 2 0 3292 0.011 0.235 0.269
3 2 2 0 3256 0.014 0.396 2.370
3 2 2 0 3284 0.014 0.233 0.273
3 2 2 0 3273 0.015 0.414 2.506
3 2 2 1 3192 0.008 0.171 0.241
3 2 2 1 3191 0.008 0.165 0.239
3 2 2 1 3195 0.008 0.361 2.502
3 2 2 1 3184 0.017 0.163 0.225
3 2 2 1 3213 0.009 0.166 0.241
3 2 2 1 3164 0.014 0.161 0.237
3 2 2 2 3299 0.014 0.244 0.348
3 2 2 2 3287 0.015 0.248 0.316
3 2 2 2 3276 0.015 0.263 0.339
3 2 2 2 3282 0.014 0.242 0.343
3 2 2 2 3295 0.012 0.367 1.555
3 2 2 2 3284 0.015 0.243 0.324
3 2 2 3 3174 0.010 0.213 0.301
3 2 2 3 3184 0.213 0.219 0.317
3 2 2 3 3132 0.016 0.234 0.316
3 2 2 3 3160 0.007 0.332 1.587
3 2 2 3 3142 0.010 0.226 0.296
3 2 2 3 3149 0.212 0.227 0.315
3 2 2 4 3201 0.015 0.226 0.318
3 2 2 4 3188 0.010 0.218 0.289
3 2 2 4 3181 0.021 0.375 1.899
3 2 2 4 3175 0.011 0.233 0.355
3 2 2 4 3204 0.009 0.216 0.284
3 2 2 4 3189 0.019 0.228 0.290
